<?xml version="1.0" encoding="utf-8"?>
<!-- Created by LightDumper -->

<LightGroup name="Hotswap">
	<Light name="Wei_RIM" type="Spot" colorR="0.5" colorG="0.394118" colorB="0.317647" decayRadius="3.0" decayPower="0.0" decayType="0" transform="-0.820128 0.572179 -2.10479e-007 0.0 -0.181028 -0.259476 -0.94863 0.0 -0.542787 -0.777999 0.316384 0.0 1051.34 -133.21 20.1354 1.0" fovInner="0.392699" fovOuter="0.436332" shadowNear="0.1" shadowFlags="0" specular="true" texture="" onTime="0.0" offTime="24.0" isDynamic="false" isHarmonic="false" LightShaftOn="false" isBaked="false"  />
	<Light name="Wei_Fill02" type="Spot" colorR="0.35" colorG="0.295098" colorB="0.223725" decayRadius="2.0" decayPower="0.0" decayType="0" transform="0.934209 -0.356726 0.0 0.0 0.0 -1.46886e-007 -1.0 0.0 0.356726 0.934209 -1.62921e-007 0.0 1081.38 -130.157 19.5318 1.0" fovInner="0.375246" fovOuter="0.392699" shadowNear="0.1" shadowFlags="0" specular="true" texture="" onTime="0.0" offTime="24.0" isDynamic="false" isHarmonic="false" LightShaftOn="false" isBaked="false"  />
	<Light name="CUSTOM_JackiesAlley_70406" type="Omni" colorR="0.4" colorG="0.337255" colorB="0.255686" decayRadius="5.6" decayPower="0.0" decayType="2" transform="1.0 0.0 0.0 0.0 0.0 1.0 0.0 0.0 0.0 0.0 1.0 0.0 1065.91 -135.991 21.5315 1.0" shadowFlags="0" specular="false" texture="" onTime="0.0" offTime="24.0" isDynamic="true" isHarmonic="false" LightShaftOn="false" isBaked="false"  />
	<Light name="CUSTOM_JackiesAlley_70407" type="Omni" colorR="0.4" colorG="0.337255" colorB="0.255686" decayRadius="5.6" decayPower="0.0" decayType="2" transform="1.0 0.0 0.0 0.0 0.0 1.0 0.0 0.0 0.0 0.0 1.0 0.0 1071.19 -135.991 21.5315 1.0" shadowFlags="0" specular="false" texture="" onTime="0.0" offTime="24.0" isDynamic="true" isHarmonic="false" LightShaftOn="false" isBaked="false"  />
	<Light name="BLU_Main" type="Spot" colorR="0.527059" colorG="0.8" colorB="0.778039" decayRadius="2.5" decayPower="0.0" decayType="0" transform="0.821765 -0.569826 0.0 0.0 0.145825 0.210299 -0.966701 0.0 0.550851 0.7944 0.255911 0.0 1056.74 -130.315 20.2023 1.0" fovInner="0.392699" fovOuter="0.436332" shadowNear="0.1" shadowFlags="0" specular="true" texture="" onTime="0.0" offTime="24.0" isDynamic="false" isHarmonic="false" LightShaftOn="false" isBaked="false"  />
	<Light name="BLU_tracking" type="Spot" colorR="0.658824" colorG="1.0" colorB="0.972549" decayRadius="3.5" decayPower="0.0" decayType="0" transform="0.928949 -0.341908 -0.141965 0.0 -0.0429581 0.28133 -0.95865 0.0 0.367708 0.896634 0.246654 0.0 1086.23 -129.923 20.1651 1.0" fovInner="0.392699" fovOuter="0.523599" shadowNear="0.1" shadowFlags="0" specular="true" texture="" onTime="0.0" offTime="24.0" isDynamic="false" isHarmonic="false" LightShaftOn="false" isBaked="false"  />
	<Light name="BLU_Wide" type="Spot" colorR="0.790588" colorG="1.2" colorB="1.16706" decayRadius="6.5" decayPower="0.0" decayType="0" transform="0.999987 -0.00507019 0.000363827 0.0 0.000476761 0.0222909 -0.999751 0.0 0.00506082 0.999739 0.022293 0.0 1085.07 -121.896 19.736 1.0" fovInner="0.174533" fovOuter="0.654498" shadowNear="0.1" shadowFlags="0" specular="true" texture="" onTime="0.0" offTime="24.0" isDynamic="false" isHarmonic="false" LightShaftOn="false" isBaked="false"  />
	<Light name="HappyCatEnvFill" type="Omni" colorR="0.327451" colorG="0.5" colorB="0.486275" decayRadius="3.0" decayPower="2.0" decayType="0" transform="1.0 0.0 0.0 0.0 0.0 1.0 0.0 0.0 0.0 0.0 1.0 0.0 1052.13 -127.72 20.4095 1.0" shadowFlags="0" specular="false" texture="" onTime="0.0" offTime="24.0" isDynamic="false" isHarmonic="false" LightShaftOn="false" isBaked="false"  />
</LightGroup>
