<?xml version="1.0" encoding="utf-8"?>
<!-- Created by LightDumper -->

<LightGroup name="Hotswap">
	<Light name="Fspot001" type="Spot" colorR="0.7" colorG="0.661569" colorB="0.603922" decayRadius="5.0" decayPower="0.0" decayType="0" transform="0.984807 0.173648 0.0 0.0 -0.0868241 0.492404 -0.866026 0.0 -0.150384 0.852868 0.5 0.0 -49.6607 1045.81 23.7373 1.0" fovInner="0.00436332" fovOuter="0.872665" shadowNear="0.1" shadowFlags="0" specular="true" texture="" onTime="0.0" offTime="24.0" isDynamic="false" isHarmonic="false" LightShaftOn="false" isBaked="false"  />
	<Light name="Fspot002" type="Spot" colorR="0.484706" colorG="0.550588" colorB="0.6" decayRadius="5.0" decayPower="0.0" decayType="0" transform="-0.422618 -0.906308 -2.08616e-007 0.0 0.453154 -0.211309 -0.866026 0.0 0.784886 -0.365998 0.5 0.0 -46.5983 1042.22 23.7373 1.0" fovInner="0.00436332" fovOuter="0.872665" shadowNear="0.1" shadowFlags="0" specular="true" texture="" onTime="0.0" offTime="24.0" isDynamic="false" isHarmonic="false" LightShaftOn="false" isBaked="false"  />
	<Light name="Fspot003" type="Omni" colorR="0.4" colorG="0.398431" colorB="0.36549" decayRadius="7.0" decayPower="1.0" decayType="0" transform="0.984807 0.173648 0.0 0.0 -0.0868241 0.492404 -0.866026 0.0 -0.150384 0.852868 0.5 0.0 -55.0528 1044.54 22.5827 1.0" shadowFlags="0" specular="false" texture="" onTime="0.0" offTime="24.0" isDynamic="false" isHarmonic="false" LightShaftOn="false" isBaked="false"  />
	<Light name="Fspot004" type="Spot" colorR="0.484706" colorG="0.550588" colorB="0.6" decayRadius="12.0" decayPower="0.0" decayType="0" transform="0.422619 0.906308 -1.71363e-007 0.0 -0.453154 0.211309 -0.866026 0.0 -0.784886 0.365999 0.5 0.0 -46.3162 1047.15 25.3414 1.0" fovInner="0.00436332" fovOuter="0.698132" shadowNear="0.1" shadowFlags="1" specular="true" texture="" onTime="0.0" offTime="24.0" isDynamic="false" isHarmonic="false" LightShaftOn="false" isBaked="false"  />
	<Light name="Fspot005" type="Spot" colorR="0.7" colorG="0.661569" colorB="0.603922" decayRadius="8.0" decayPower="0.0" decayType="0" transform="-0.996194 0.0871584 0.0 0.0 -0.0435792 -0.498097 -0.866026 0.0 -0.0754814 -0.86273 0.5 0.0 -41.4125 1040.75 23.0522 1.0" fovInner="0.00436332" fovOuter="0.872665" shadowNear="0.1" shadowFlags="0" specular="true" texture="" onTime="0.0" offTime="24.0" isDynamic="false" isHarmonic="false" LightShaftOn="false" isBaked="false"  />
	<Light name="Fspot006" type="Spot" colorR="0.7" colorG="0.661569" colorB="0.603922" decayRadius="8.0" decayPower="0.0" decayType="0" transform="0.766045 -0.642788 0.0 0.0 0.321394 0.383022 -0.866026 0.0 0.556671 0.663415 0.5 0.0 -45.8777 1047.77 23.7373 1.0" fovInner="0.00436332" fovOuter="0.872665" shadowNear="0.1" shadowFlags="0" specular="true" texture="" onTime="0.0" offTime="24.0" isDynamic="false" isHarmonic="false" LightShaftOn="false" isBaked="false"  />
</LightGroup>
