<?xml version="1.0" encoding="utf-8"?>
<!-- Created by LightDumper -->

<LightGroup name="Hotswap">
	<Light name="NL0" type="Omni" colorR="0.4" colorG="0.381177" colorB="0.279216" decayRadius="5.0" decayPower="1.0" decayType="0" transform="0.148452 -0.212012 -0.965926 0.0 0.819152 0.573576 0.0 0.0 0.554032 -0.79124 0.258819 0.0 1018.91 -249.878 29.0636 1.0" shadowFlags="0" specular="true" texture="" onTime="18.0" offTime="6.0" isDynamic="false" isHarmonic="false" LightShaftOn="false" isBaked="false"  />
	<Light name="NL1" type="Spot" colorR="0.8" colorG="0.762353" colorB="0.558431" decayRadius="8.0" decayPower="0.0" decayType="0" transform="-0.184606 -0.181406 -0.965926 0.0 0.700898 -0.713262 0.0 0.0 -0.688958 -0.677015 0.258819 0.0 1017.94 -251.133 30.2727 1.0" fovInner="0.00436332" fovOuter="0.654498" shadowNear="0.1" shadowFlags="0" specular="true" texture="" onTime="18.0" offTime="6.0" isDynamic="false" isHarmonic="false" LightShaftOn="false" isBaked="false"  />
	<Light name="NL2" type="Spot" colorR="0.8" colorG="0.762353" colorB="0.558431" decayRadius="8.0" decayPower="0.0" decayType="0" transform="0.213709 -0.146 -0.965926 0.0 0.564099 0.825707 0.0 0.0 0.797572 -0.544878 0.258819 0.0 1020.99 -254.47 30.2727 1.0" fovInner="0.00436332" fovOuter="0.654498" shadowNear="0.1" shadowFlags="0" specular="true" texture="" onTime="18.0" offTime="6.0" isDynamic="false" isHarmonic="false" LightShaftOn="false" isBaked="false"  />
	<Light name="NL3" type="Spot" colorR="0.701242" colorG="0.668243" colorB="0.489495" decayRadius="13.9255" decayPower="0.0" decayType="0" transform="0.333113 -0.63001 -0.701515 0.0 0.884033 0.467426 0.0 0.0 0.327906 -0.620162 0.712655 0.0 1017.27 -253.446 33.6237 1.0" fovInner="0.00436332" fovOuter="0.869954" shadowNear="0.1" shadowFlags="1" specular="true" texture="" onTime="18.0" offTime="6.0" isDynamic="false" isHarmonic="false" LightShaftOn="false" isBaked="false"  />
</LightGroup>
