<?xml version="1.0" encoding="utf-8"?>
<!-- Created by LightDumper -->

<LightGroup name="Hotswap">
	<Light name="NL0" type="Spot" colorR="0.804706" colorG="0.825882" colorB="0.9" decayRadius="3.0" decayPower="0.0" decayType="1" transform="0.88966 -0.456625 0.0 0.0 0.0640692 0.12483 -0.990108 0.0 0.452108 0.88086 0.140312 0.0 905.055 -224.446 21.3856 1.0" fovInner="0.305433" fovOuter="1.0472" shadowNear="0.1" shadowFlags="0" specular="true" texture="" onTime="0.0" offTime="24.0" isDynamic="false" isHarmonic="false" LightShaftOn="false" isBaked="false"  />
	<Light name="NL1" type="Spot" colorR="0.804706" colorG="0.825882" colorB="0.9" decayRadius="3.6" decayPower="0.0" decayType="1" transform="0.999954 0.00948593 0.0 0.0 -0.00133102 0.140306 -0.990108 0.0 -0.00939231 0.990061 0.140312 0.0 907.099 -223.435 21.3855 1.0" fovInner="0.218166" fovOuter="0.698132" shadowNear="0.1" shadowFlags="0" specular="true" texture="" onTime="0.0" offTime="24.0" isDynamic="false" isHarmonic="false" LightShaftOn="false" isBaked="false"  />
	<Light name="NL2" type="Spot" colorR="0.98353" colorG="1.00941" colorB="1.1" decayRadius="3.6" decayPower="0.0" decayType="1" transform="-0.301014 -0.953619 0.0 0.0 0.485448 -0.153234 -0.860731 0.0 0.82081 -0.259092 0.509058 0.0 906.879 -231.418 21.4784 1.0" fovInner="0.392699" fovOuter="0.479966" shadowNear="0.1" shadowFlags="1" specular="true" texture="" onTime="0.0" offTime="24.0" isDynamic="false" isHarmonic="false" LightShaftOn="false" isBaked="false"  />
	<Light name="NL3" type="Spot" colorR="0.804706" colorG="0.825882" colorB="0.9" decayRadius="3.0" decayPower="0.0" decayType="1" transform="0.88966 -0.456625 0.0 0.0 0.0640692 0.12483 -0.990108 0.0 0.452108 0.88086 0.140312 0.0 905.055 -229.739 21.3856 1.0" fovInner="0.305433" fovOuter="0.349066" shadowNear="0.1" shadowFlags="1" specular="true" texture="" onTime="0.0" offTime="24.0" isDynamic="false" isHarmonic="false" LightShaftOn="false" isBaked="false"  />
</LightGroup>
