<?xml version="1.0" encoding="utf-8"?>
<!-- Created by LightDumper -->

<LightGroup name="Hotswap">
	<Light name="NIS_Light_CharLighting001" type="Spot" colorR="0.496471" colorG="0.6" colorB="0.552941" decayRadius="4.5" decayPower="0.0" decayType="0" transform="-0.956429 0.291966 -2.8342e-005 0.0 -0.113351 -0.371227 0.921597 0.0 0.269064 0.881446 0.388147 0.0 1044.62 -64.5981 22.0023 1.0" fovInner="0.305433" fovOuter="0.366519" shadowNear="0.1" shadowFlags="0" specular="true" texture="" onTime="0.0" offTime="24.0" isDynamic="false" isHarmonic="false" LightShaftOn="false" isBaked="false"  />
	<Light name="NIS_Light_CharLighting_KEY" type="Spot" colorR="0.6" colorG="0.595294" colorB="0.508235" decayRadius="6.8" decayPower="0.0" decayType="0" transform="0.962445 0.271478 3.81483e-005 0.0 -0.0312824 0.110763 0.993355 0.0 0.269669 -0.956049 0.115096 0.0 1044.35 -71.8346 21.0625 1.0" fovInner="0.279253" fovOuter="0.331613" shadowNear="0.1" shadowFlags="0" specular="true" texture="" onTime="0.0" offTime="24.0" isDynamic="false" isHarmonic="false" LightShaftOn="false" isBaked="false"  />
	<Light name="NIS_Light_Corridor003_STC" type="Spot" colorR="0.8" colorG="0.793726" colorB="0.677647" decayRadius="11.0" decayPower="0.0" decayType="0" transform="0.342147 0.939647 2.83867e-005 0.0 -0.540384 0.196742 0.818094 0.0 0.768713 -0.279923 0.575085 0.0 1042.75 -74.6432 23.3538 1.0" fovInner="0.567232" fovOuter="0.698132" shadowNear="0.1" shadowFlags="1" specular="true" texture="" onTime="0.0" offTime="24.0" isDynamic="false" isHarmonic="false" LightShaftOn="false" isBaked="false"  />
	<Light name="NIS_light_cell_spot_STC" type="Spot" colorR="1.5" colorG="1.48824" colorB="1.27059" decayRadius="6.0" decayPower="1.0" decayType="0" transform="0.528751 0.848777 3.34233e-005 0.0 -0.196488 0.122365 0.972842 0.0 0.82572 -0.514397 0.231475 0.0 1045.32 -73.3393 21.0822 1.0" fovInner="0.698132" fovOuter="0.751364" shadowNear="0.1" shadowFlags="0" specular="false" texture="" onTime="0.0" offTime="24.0" isDynamic="false" isHarmonic="false" LightShaftOn="false" isBaked="false"  />
	<Light name="NIS_Light_CharLighting002" type="Spot" colorR="0.248235" colorG="0.3" colorB="0.276471" decayRadius="4.5" decayPower="0.0" decayType="0" transform="-0.523621 0.851951 -3.60422e-006 0.0 -0.29581 -0.181805 0.937787 0.0 0.798949 0.491046 0.347213 0.0 1044.78 -63.6705 21.6257 1.0" fovInner="0.410152" fovOuter="0.436332" shadowNear="0.1" shadowFlags="0" specular="true" texture="" onTime="0.0" offTime="24.0" isDynamic="false" isHarmonic="false" LightShaftOn="false" isBaked="false"  />
	<Light name="NIS_Light_CharLighting_KEY001" type="Spot" colorR="0.65" colorG="0.644902" colorB="0.550588" decayRadius="6.8" decayPower="0.0" decayType="0" transform="0.927308 -0.374178 -0.00955697 0.0 0.0516239 0.102565 0.993386 0.0 -0.370723 -0.921668 0.114426 0.0 1039.78 -69.9846 21.2191 1.0" fovInner="0.279253" fovOuter="0.331613" shadowNear="0.1" shadowFlags="0" specular="true" texture="" onTime="0.0" offTime="24.0" isDynamic="false" isHarmonic="false" LightShaftOn="false" isBaked="false"  />
</LightGroup>
