<?xml version="1.0" encoding="utf-8"?>
<!-- Created by LightDumper -->

<LightGroup name="Hotswap">
	<Light name="NIS_SL_RIM_FILL_DAY" type="Spot" colorR="0.5" colorG="0.360784" colorB="0.356863" decayRadius="20.0" decayPower="0.5" decayType="1" transform="-0.829502 0.557112 -0.039361 0.0 0.300585 0.504726 0.809254 0.0 0.470714 0.659449 -0.58613 0.0 936.106 -226.636 14.7605 1.0" fovInner="0.698132" fovOuter="0.715585" shadowNear="0.1" shadowFlags="0" specular="false" texture="" onTime="6.0" offTime="18.0" isDynamic="true" isHarmonic="false" LightShaftOn="false" isBaked="false"  />
	<Light name="NIS_SL_KEY_DAY" type="Spot" colorR="0.8" colorG="0.793726" colorB="0.778039" decayRadius="10.0" decayPower="1.0" decayType="1" transform="0.164109 0.953538 -0.252663 0.0 -0.712898 0.291678 0.637734 0.0 0.681797 0.0754655 0.727637 0.0 936.252 -222.187 20.0222 1.0" fovInner="0.698132" fovOuter="0.785398" shadowNear="0.1" shadowFlags="0" specular="false" texture="" onTime="6.0" offTime="18.0" isDynamic="true" isHarmonic="false" LightShaftOn="false" isBaked="false"  />
	<Light name="NIS_SL_RIM_DAY" type="Spot" colorR="0.961961" colorG="1.02667" colorB="1.1" decayRadius="7.0" decayPower="0.5" decayType="1" transform="-0.193229 -0.981155 -3.39001e-007 0.0 -0.381277 0.0750878 0.921406 0.0 -0.904041 0.178043 -0.3886 0.0 927.495 -220.017 16.3392 1.0" fovInner="0.436332" fovOuter="0.523599" shadowNear="0.1" shadowFlags="0" specular="false" texture="" onTime="6.0" offTime="18.0" isDynamic="true" isHarmonic="false" LightShaftOn="false" isBaked="false"  />
	<Light name="NIS_SL_RIM_FILL" type="Spot" colorR="0.55" colorG="0.528431" colorB="0.433529" decayRadius="20.0" decayPower="1.0" decayType="1" transform="0.952328 -0.296851 -0.0703569 0.0 0.139024 0.217001 0.966218 0.0 -0.271555 -0.929938 0.247927 0.0 930.734 -227.399 18.5397 1.0" fovInner="0.698132" fovOuter="0.715585" shadowNear="0.1" shadowFlags="0" specular="true" texture="" onTime="18.0" offTime="6.0" isDynamic="true" isHarmonic="false" LightShaftOn="false" isBaked="false"  />
	<Light name="NIS_SL_RIM" type="Spot" colorR="0.555294" colorG="0.693333" colorB="0.8" decayRadius="7.0" decayPower="0.5" decayType="1" transform="0.777642 0.622888 0.0853467 0.0 -0.1029 -0.00781891 0.994663 0.0 0.620229 -0.782272 0.0580153 0.0 933.659 -227.46 18.1257 1.0" fovInner="0.436332" fovOuter="0.479966" shadowNear="0.1" shadowFlags="0" specular="true" texture="" onTime="18.0" offTime="6.0" isDynamic="true" isHarmonic="false" LightShaftOn="false" isBaked="false"  />
	<Light name="NIS_SL_KEY" type="Spot" colorR="0.790588" colorG="0.665098" colorB="0.602353" decayRadius="10.0" decayPower="0.0" decayType="1" transform="-0.126914 0.547186 -0.827335 0.0 -0.717938 0.524859 0.457265 0.0 0.68444 0.652006 0.326232 0.0 935.183 -224.507 18.9264 1.0" fovInner="0.698132" fovOuter="0.741765" shadowNear="0.1" shadowFlags="0" specular="true" texture="" onTime="18.0" offTime="6.0" isDynamic="true" isHarmonic="false" LightShaftOn="false" isBaked="false"  />
</LightGroup>
