<?xml version="1.0" encoding="utf-8"?>
<!-- Created by LightDumper -->

<LightGroup name="Hotswap">
	<Light name="NIS_AUX_KITCHEN" type="Spot" colorR="0.890196" colorG="1.0" colorB="1.0" decayRadius="5.0" decayPower="0.0" decayType="0" transform="-0.023452 0.999538 0.0193322 0.0 0.036737 -0.0184628 0.999154 0.0 0.99905 0.0241424 -0.036287 0.0 910.461 -223.203 22.3788 1.0" fovInner="0.523599" fovOuter="0.541052" shadowNear="0.1" shadowFlags="0" specular="true" texture="" onTime="0.0" offTime="24.0" isDynamic="false" isHarmonic="false" LightShaftOn="false" isBaked="false"  />
	<Light name="NIS_DESK_LAMP" type="Spot" colorR="1.0" colorG="0.960784" colorB="0.803922" decayRadius="5.0" decayPower="0.0" decayType="0" transform="0.90612 0.38231 -0.181065 0.0 0.150858 0.107842 0.982655 0.0 0.395205 -0.917719 0.0400433 0.0 907.033 -226.122 21.9122 1.0" fovInner="0.261799" fovOuter="0.610865" shadowNear="0.1" shadowFlags="0" specular="true" texture="" onTime="0.0" offTime="24.0" isDynamic="false" isHarmonic="false" LightShaftOn="false" isBaked="false"  />
	<Light name="NIS_FILL" type="Spot" colorR="1.0" colorG="0.796079" colorB="0.745098" decayRadius="8.0" decayPower="0.0" decayType="0" transform="-0.421821 0.0726953 0.903761 0.0 0.199836 0.979724 0.0144656 0.0 -0.884384 0.186705 -0.427794 0.0 897.24 -220.891 21.6225 1.0" fovInner="0.436332" fovOuter="0.610865" shadowNear="0.1" shadowFlags="0" specular="true" texture="" onTime="0.0" offTime="24.0" isDynamic="false" isHarmonic="false" LightShaftOn="false" isBaked="false"  />
	<Light name="NIS_KEY_KITCHEN" type="Spot" colorR="0.890196" colorG="1.0" colorB="1.0" decayRadius="8.0" decayPower="0.0" decayType="0" transform="-0.00872758 0.999961 -9.23406e-007 0.0 0.0697538 0.000609731 0.997566 0.0 0.997528 0.00870631 -0.0697567 0.0 910.788 -220.795 22.1253 1.0" fovInner="0.261799" fovOuter="0.436332" shadowNear="0.1" shadowFlags="0" specular="true" texture="" onTime="0.0" offTime="24.0" isDynamic="false" isHarmonic="false" LightShaftOn="false" isBaked="false"  />
	<Light name="ENV_Interior_ExitSign02" type="Omni" colorR="0.114118" colorG="0.26" colorB="0.131765" decayRadius="0.75" decayPower="0.0" decayType="2" transform="1.0 0.0 0.0 0.0 0.0 1.0 0.0 0.0 0.0 0.0 1.0 0.0 899.949 -223.102 22.6571 1.0" shadowFlags="0" specular="false" texture="" onTime="0.0" offTime="24.0" isDynamic="false" isHarmonic="false" LightShaftOn="false" isBaked="false"  />
	<Light name="ENV_Interior_ExitSign04" type="Omni" colorR="0.185294" colorG="0.223725" colorB="0.266275" decayRadius="2.0" decayPower="1.0" decayType="2" transform="1.0 0.0 0.0 0.0 0.0 1.0 0.0 0.0 0.0 0.0 1.0 0.0 903.998 -219.931 23.9881 1.0" shadowFlags="0" specular="false" texture="" onTime="0.0" offTime="24.0" isDynamic="false" isHarmonic="false" LightShaftOn="false" isBaked="false"  />
	<Light name="ENV_Interior_ExitSign05" type="Omni" colorR="0.185294" colorG="0.223725" colorB="0.266275" decayRadius="2.0" decayPower="1.0" decayType="2" transform="1.0 0.0 0.0 0.0 0.0 1.0 0.0 0.0 0.0 0.0 1.0 0.0 903.998 -218.254 23.9881 1.0" shadowFlags="0" specular="false" texture="" onTime="0.0" offTime="24.0" isDynamic="false" isHarmonic="false" LightShaftOn="false" isBaked="false"  />
	<Light name="ENV_Interior_ExitSign06" type="Omni" colorR="0.185294" colorG="0.223725" colorB="0.266275" decayRadius="2.0" decayPower="1.0" decayType="2" transform="1.0 0.0 0.0 0.0 0.0 1.0 0.0 0.0 0.0 0.0 1.0 0.0 905.004 -219.791 23.9881 1.0" shadowFlags="0" specular="false" texture="" onTime="0.0" offTime="24.0" isDynamic="false" isHarmonic="false" LightShaftOn="false" isBaked="false"  />
	<Light name="ENV_Interior_ExitSign07" type="Omni" colorR="0.185294" colorG="0.223725" colorB="0.266275" decayRadius="2.0" decayPower="1.0" decayType="2" transform="1.0 0.0 0.0 0.0 0.0 1.0 0.0 0.0 0.0 0.0 1.0 0.0 905.569 -218.254 23.9881 1.0" shadowFlags="0" specular="false" texture="" onTime="0.0" offTime="24.0" isDynamic="false" isHarmonic="false" LightShaftOn="false" isBaked="false"  />
	<Light name="ENV_Custom_Kitchen_01" type="Omni" colorR="0.536471" colorG="0.550588" colorB="0.6" decayRadius="4.0" decayPower="2.0" decayType="1" transform="1.0 0.0 0.0 0.0 0.0 1.0 1.78814e-007 0.0 0.0 -1.78814e-007 1.0 0.0 919.175 -223.618 21.3974 1.0" shadowFlags="0" specular="false" texture="" onTime="0.0" offTime="24.0" isDynamic="false" isHarmonic="false" LightShaftOn="false" isBaked="false"  />
	<Light name="ENV_Custom_Kitchen_004" type="Omni" colorR="0.536471" colorG="0.550588" colorB="0.6" decayRadius="4.0" decayPower="2.0" decayType="1" transform="1.0 0.0 0.0 0.0 0.0 1.0 1.78814e-007 0.0 0.0 -1.78814e-007 1.0 0.0 919.226 -223.743 21.3974 1.0" shadowFlags="0" specular="false" texture="" onTime="0.0" offTime="24.0" isDynamic="false" isHarmonic="false" LightShaftOn="false" isBaked="false"  />
	<Light name="ENV_Custom_Kitchen_005" type="Omni" colorR="0.2" colorG="0.185882" colorB="0.155294" decayRadius="20.0" decayPower="2.0" decayType="1" transform="1.0 0.0 0.0 0.0 0.0 1.0 1.78814e-007 0.0 0.0 -1.78814e-007 1.0 0.0 904.096 -221.346 21.859 1.0" shadowFlags="0" specular="false" texture="" onTime="0.0" offTime="24.0" isDynamic="false" isHarmonic="false" LightShaftOn="false" isBaked="false"  />
	<Light name="ENV_Custom_Kitchen_006" type="Omni" colorR="0.15" colorG="0.139412" colorB="0.116471" decayRadius="3.0" decayPower="0.0" decayType="1" transform="1.0 0.0 0.0 0.0 0.0 1.0 1.78814e-007 0.0 0.0 -1.78814e-007 1.0 0.0 901.815 -218.499 21.3974 1.0" shadowFlags="0" specular="false" texture="" onTime="0.0" offTime="24.0" isDynamic="false" isHarmonic="false" LightShaftOn="false" isBaked="false"  />
	<Light name="ENV_Kitchen_Spill_Door" type="Spot" colorR="1.34118" colorG="1.37647" colorB="1.5" decayRadius="9.0" decayPower="2.0" decayType="1" transform="-4.01339e-007 1.0 0.0 0.0 -0.66262 -2.21294e-007 0.748956 0.0 0.748956 3.40081e-007 0.66262 0.0 919.907 -224.817 23.079 1.0" fovInner="0.261799" fovOuter="0.567232" shadowNear="0.1" shadowFlags="0" specular="true" texture="Gob_Square" onTime="0.0" offTime="24.0" isDynamic="false" isHarmonic="false" LightShaftOn="false" isBaked="false"  />
	<Light name="ENV_Custom_Kitchen_007" type="Omni" colorR="0.214588" colorG="0.220235" colorB="0.24" decayRadius="2.0" decayPower="0.0" decayType="1" transform="1.0 0.0 0.0 0.0 0.0 1.0 1.78814e-007 0.0 0.0 -1.78814e-007 1.0 0.0 905.022 -223.369 21.0884 1.0" shadowFlags="0" specular="false" texture="" onTime="0.0" offTime="24.0" isDynamic="false" isHarmonic="false" LightShaftOn="false" isBaked="false"  />
</LightGroup>
