<?xml version="1.0" encoding="utf-8"?>
<!-- Created by LightDumper -->

<LightGroup name="Hotswap">
	<Light name="Fspot001" type="Spot" colorR="0.481255" colorG="0.546039" colorB="0.59" decayRadius="2.0" decayPower="0.0" decayType="0" transform="0.427082 -0.903921 -0.0229862 0.0 -0.340055 -0.184119 0.922205 0.0 -0.837833 -0.38604 -0.386017 0.0 235.039 904.51 20.6107 1.0" fovInner="0.0" fovOuter="0.785398" shadowNear="0.1" shadowFlags="0" specular="true" texture="" onTime="0.0" offTime="24.0" isDynamic="false" isHarmonic="false" LightShaftOn="false" isBaked="false"  />
	<Light name="Fspot002" type="Spot" colorR="0.446745" colorG="0.559686" colorB="0.64" decayRadius="1.0" decayPower="0.0" decayType="0" transform="0.582449 -0.810793 -0.0580376 0.0 0.812799 0.581839 0.0286508 0.0 0.0105386 -0.0638599 0.997904 0.0 235.657 904.392 21.2399 1.0" fovInner="0.0" fovOuter="0.698132" shadowNear="0.1" shadowFlags="0" specular="false" texture="" onTime="0.0" offTime="24.0" isDynamic="false" isHarmonic="false" LightShaftOn="false" isBaked="false"  />
	<Light name="Fspot003" type="Spot" colorR="0.488627" colorG="0.612157" colorB="0.7" decayRadius="4.0" decayPower="0.0" decayType="0" transform="-0.57943 0.814953 -0.0106162 0.0 -0.252574 -0.167165 0.953028 0.0 0.774899 0.554894 0.302697 0.0 238.781 911.207 22.0349 1.0" fovInner="0.0" fovOuter="0.872665" shadowNear="0.1" shadowFlags="0" specular="true" texture="" onTime="0.0" offTime="24.0" isDynamic="false" isHarmonic="false" LightShaftOn="false" isBaked="false"  />
	<Light name="Fspot004" type="Spot" colorR="0.7" colorG="0.667059" colorB="0.612157" decayRadius="3.751" decayPower="0.0" decayType="0" transform="0.840605 -0.502291 0.202702 0.0 -0.0191427 0.346448 0.937873 0.0 -0.541312 -0.792261 0.281611 0.0 233.608 909.246 21.977 1.0" fovInner="0.0" fovOuter="0.872665" shadowNear="0.1" shadowFlags="0" specular="true" texture="" onTime="0.0" offTime="24.0" isDynamic="false" isHarmonic="false" LightShaftOn="false" isBaked="false"  />
	<Light name="Fspot005" type="Spot" colorR="0.488627" colorG="0.612157" colorB="0.7" decayRadius="3.0" decayPower="0.0" decayType="0" transform="-0.321074 0.925108 0.202702 0.0 -0.208028 -0.277699 0.937874 0.0 0.923925 0.258959 0.281611 0.0 236.693 912.471 21.977 1.0" fovInner="0.0" fovOuter="0.872665" shadowNear="0.1" shadowFlags="0" specular="true" texture="" onTime="0.0" offTime="24.0" isDynamic="false" isHarmonic="false" LightShaftOn="false" isBaked="false"  />
	<Light name="Fspot006" type="Spot" colorR="0.488627" colorG="0.612157" colorB="0.7" decayRadius="3.0" decayPower="0.0" decayType="0" transform="-0.0146942 -0.97913 0.202702 0.0 0.290461 0.189802 0.937874 0.0 -0.956774 0.072659 0.281611 0.0 231.899 913.457 21.977 1.0" fovInner="0.0" fovOuter="0.872665" shadowNear="0.1" shadowFlags="0" specular="true" texture="" onTime="0.0" offTime="24.0" isDynamic="false" isHarmonic="false" LightShaftOn="false" isBaked="false"  />
	<Light name="Fspot007" type="Spot" colorR="0.502549" colorG="0.530588" colorB="0.55" decayRadius="4.0" decayPower="0.0" decayType="0" transform="-0.57943 0.814953 -0.0106162 0.0 -0.252574 -0.167165 0.953028 0.0 0.774899 0.554894 0.302697 0.0 239.183 909.08 22.0349 1.0" fovInner="0.0" fovOuter="0.872665" shadowNear="0.1" shadowFlags="0" specular="true" texture="" onTime="0.0" offTime="24.0" isDynamic="false" isHarmonic="false" LightShaftOn="false" isBaked="false"  />
	<Light name="Fspot008" type="Spot" colorR="0.517647" colorG="0.539216" colorB="0.55" decayRadius="4.0" decayPower="0.0" decayType="0" transform="-0.869556 0.493721 -0.0106162 0.0 -0.158263 -0.258245 0.953027 0.0 0.467788 0.830391 0.302697 0.0 239.883 908.074 22.0349 1.0" fovInner="0.0" fovOuter="0.872665" shadowNear="0.1" shadowFlags="0" specular="true" texture="" onTime="0.0" offTime="24.0" isDynamic="false" isHarmonic="false" LightShaftOn="false" isBaked="false"  />
	<Light name="Fspot009" type="Spot" colorR="0.470588" colorG="0.490196" colorB="0.5" decayRadius="5.0" decayPower="0.0" decayType="0" transform="-0.506197 0.862353 -0.0106162 0.0 -0.266182 -0.144516 0.953027 0.0 0.820312 0.485245 0.302697 0.0 241.597 906.743 21.7082 1.0" fovInner="0.0" fovOuter="0.872665" shadowNear="0.1" shadowFlags="0" specular="true" texture="" onTime="0.0" offTime="24.0" isDynamic="false" isHarmonic="false" LightShaftOn="false" isBaked="false"  />
	<Light name="Omni001" type="Omni" colorR="0.427451" colorG="0.470588" colorB="0.5" decayRadius="5.0" decayPower="1.0" decayType="0" transform="1.0 0.0 0.0 0.0 0.0 1.0 0.0 0.0 0.0 0.0 1.0 0.0 240.712 900.456 21.3273 1.0" shadowFlags="0" specular="true" texture="" onTime="0.0" offTime="24.0" isDynamic="false" isHarmonic="false" LightShaftOn="false" isBaked="false"  />
	<Light name="Omni002" type="Omni" colorR="0.65" colorG="0.65" colorB="0.65" decayRadius="1.2" decayPower="1.0" decayType="0" transform="1.0 0.0 0.0 0.0 0.0 1.0 0.0 0.0 0.0 0.0 1.0 0.0 239.735 904.494 21.3273 1.0" shadowFlags="0" specular="false" texture="" onTime="0.0" offTime="24.0" isDynamic="false" isHarmonic="false" LightShaftOn="false" isBaked="false"  />
	<Light name="Omni004" type="Omni" colorR="0.427451" colorG="0.470588" colorB="0.5" decayRadius="5.0" decayPower="1.0" decayType="0" transform="1.0 0.0 0.0 0.0 0.0 1.0 0.0 0.0 0.0 0.0 1.0 0.0 249.087 901.501 21.3273 1.0" shadowFlags="0" specular="true" texture="" onTime="0.0" offTime="24.0" isDynamic="false" isHarmonic="false" LightShaftOn="false" isBaked="false"  />
	<Light name="Omni005" type="Omni" colorR="0.427451" colorG="0.470588" colorB="0.5" decayRadius="5.0" decayPower="1.0" decayType="0" transform="1.0 0.0 0.0 0.0 0.0 1.0 0.0 0.0 0.0 0.0 1.0 0.0 245.893 906.789 21.3273 1.0" shadowFlags="0" specular="true" texture="" onTime="0.0" offTime="24.0" isDynamic="false" isHarmonic="false" LightShaftOn="false" isBaked="false"  />
	<Light name="Omni006" type="Omni" colorR="0.76" colorG="0.76" colorB="0.76" decayRadius="1.2" decayPower="1.0" decayType="0" transform="1.0 0.0 0.0 0.0 0.0 1.0 0.0 0.0 0.0 0.0 1.0 0.0 234.765 903.649 21.3273 1.0" shadowFlags="0" specular="false" texture="" onTime="0.0" offTime="24.0" isDynamic="false" isHarmonic="false" LightShaftOn="false" isBaked="false"  />
</LightGroup>
