<?xml version="1.0" encoding="utf-8"?>
<!-- Created by LightDumper -->

<LightGroup name="Hotswap">
	<Light name="NIS_RIM_COPS" type="Spot" colorR="0.47451" colorG="0.445098" colorB="0.347059" decayRadius="8.0" decayPower="0.0" decayType="0" transform="0.868314 -0.47459 -0.144206 0.0 0.423516 0.558037 0.713604 0.0 -0.258197 -0.680705 0.685548 0.0 1714.29 -320.419 10.1475 1.0" fovInner="0.610865" fovOuter="0.698132" shadowNear="0.1" shadowFlags="0" specular="true" texture="" onTime="18.0" offTime="6.0" isDynamic="false" isHarmonic="false" LightShaftOn="false" isBaked="false"  />
	<Light name="NIS_KEY" type="Spot" colorR="0.8" colorG="0.8" colorB="0.8" decayRadius="5.0" decayPower="0.0" decayType="0" transform="0.852862 0.521958 -0.0136488 0.0 -0.412968 0.658318 -0.629344 0.0 -0.319507 0.542381 0.777006 0.0 1716.05 -311.441 8.4651 1.0" fovInner="0.610865" fovOuter="0.872665" shadowNear="0.1" shadowFlags="1" specular="true" texture="" onTime="18.0" offTime="6.0" isDynamic="false" isHarmonic="false" LightShaftOn="false" isBaked="false"  />
	<Light name="NIS_RIM" type="Spot" colorR="0.4596" colorG="0.385704" colorB="0.209073" decayRadius="6.0" decayPower="0.0" decayType="0" transform="0.66744 0.744664 -2.38419e-007 0.0 -0.308637 0.27663 0.910065 0.0 0.677693 -0.607414 0.414465 0.0 1719.82 -318.392 8.105 1.0" fovInner="0.610865" fovOuter="0.698132" shadowNear="0.1" shadowFlags="1" specular="true" texture="" onTime="18.0" offTime="6.0" isDynamic="false" isHarmonic="false" LightShaftOn="false" isBaked="false"  />
</LightGroup>
