<?xml version="1.0" encoding="utf-8"?>
<!-- Created by LightDumper -->

<LightGroup name="Hotswap">
	<Light name="LC_SpotSingle" type="Card" colorR="0.5" colorG="0.5" colorB="0.5" decayRadius="0.217782" transform="-0.0930947 -0.219317 0.0 0.0 0.0 0.0 0.197306 0.0 -0.0548293 0.0232737 0.0 0.0 -1814.51 -1632.17 12.5495 1.0" shadowFlags="0" texture="square   " onTime="0.0" offTime="24.0" isDynamic="true" isBiased="undefined"  />
	<Light name="LC_SpotSingle001" type="Card" colorR="0.5" colorG="0.5" colorB="0.5" decayRadius="0.229309" transform="-0.0564331 -0.244439 0.0 0.0 0.0 0.0 0.207749 0.0 -0.0611097 0.0141083 0.0 0.0 -1814.65 -1632.36 12.0178 1.0" shadowFlags="0" texture="square   " onTime="0.0" offTime="24.0" isDynamic="true" isBiased="undefined"  />
	<Light name="LC_SpotSingle002" type="Card" colorR="0.5" colorG="0.5" colorB="0.5" decayRadius="0.219605" transform="-0.0977193 -0.219481 0.0 0.0 0.0 0.0 0.198958 0.0 -0.0548703 0.0244298 0.0 0.0 -1814.8 -1632.71 12.0178 1.0" shadowFlags="0" texture="square   " onTime="0.0" offTime="24.0" isDynamic="true" isBiased="undefined"  />
	<Light name="LC_SpotSingle003" type="Card" colorR="0.5" colorG="0.5" colorB="0.5" decayRadius="0.190872" transform="-0.0878751 -0.197371 0.0 0.0 0.0 0.0 0.165694 0.0 -0.0493427 0.0219688 0.0 0.0 -1814.29 -1631.74 12.4309 1.0" shadowFlags="0" texture="square   " onTime="0.0" offTime="24.0" isDynamic="true" isBiased="undefined"  />
	<Light name="Fspot003" type="Spot" colorR="0.7" colorG="0.617647" colorB="0.529804" decayRadius="16.0" decayPower="0.0" decayType="0" transform="0.492115 -0.762119 -0.420711 0.0 0.828335 0.558584 -0.0429551 0.0 0.267739 -0.32735 0.906176 0.0 -1789.15 -1632.66 18.273 1.0" fovInner="0.0" fovOuter="0.872665" shadowNear="0.1" shadowFlags="1" specular="true" texture="" onTime="0.0" offTime="24.0" isDynamic="false" isHarmonic="false" LightShaftOn="false" isBaked="false"  />
	<Light name="Fspot004" type="Omni" colorR="0.2" colorG="0.191373" colorB="0.176471" decayRadius="8.0" decayPower="1.0" decayType="0" transform="0.492115 -0.762119 -0.420711 0.0 0.828335 0.558584 -0.0429551 0.0 0.267739 -0.32735 0.906176 0.0 -1793.45 -1634.02 14.5221 1.0" shadowFlags="0" specular="true" texture="" onTime="0.0" offTime="24.0" isDynamic="false" isHarmonic="false" LightShaftOn="false" isBaked="false"  />
	<Light name="Fspot005" type="Omni" colorR="0.104706" colorG="0.131176" colorB="0.15" decayRadius="3.0" decayPower="1.0" decayType="0" transform="0.492115 -0.762119 -0.420711 0.0 0.828335 0.558584 -0.0429551 0.0 0.267739 -0.32735 0.906176 0.0 -1813.76 -1633.01 12.124 1.0" shadowFlags="0" specular="true" texture="" onTime="0.0" offTime="24.0" isDynamic="false" isHarmonic="false" LightShaftOn="false" isBaked="false"  />
	<Light name="Fspot006" type="Spot" colorR="0.437255" colorG="0.480392" colorB="0.5" decayRadius="1.4" decayPower="0.0" decayType="0" transform="-0.254856 -0.958177 -0.130177 0.0 -0.0166466 -0.130255 0.991341 0.0 -0.966836 0.254816 0.0172459 0.0 -1814.73 -1632.86 12.27 1.0" fovInner="0.0" fovOuter="0.785398" shadowNear="0.1" shadowFlags="0" specular="true" texture="" onTime="0.0" offTime="24.0" isDynamic="false" isHarmonic="false" LightShaftOn="false" isBaked="false"  />
	<Light name="Fspot007" type="Spot" colorR="0.508235" colorG="0.6" colorB="0.52" decayRadius="1.4" decayPower="0.0" decayType="0" transform="-0.0802263 -0.977647 -0.194353 0.0 0.316561 -0.209876 0.925062 0.0 -0.945171 0.0126897 0.326321 0.0 -1814.64 -1632.17 12.3929 1.0" fovInner="0.0" fovOuter="0.785398" shadowNear="0.1" shadowFlags="0" specular="true" texture="" onTime="0.0" offTime="24.0" isDynamic="false" isHarmonic="false" LightShaftOn="false" isBaked="false"  />
	<Light name="Fspot008" type="Spot" colorR="0.465882" colorG="0.55" colorB="0.476667" decayRadius="1.4" decayPower="0.0" decayType="0" transform="-0.850596 -0.519307 -0.0825153 0.0 -0.016646 -0.130254 0.991337 0.0 -0.525557 0.844603 0.102148 0.0 -1814.27 -1632.4 12.27 1.0" fovInner="0.0" fovOuter="0.872665" shadowNear="0.1" shadowFlags="0" specular="true" texture="" onTime="0.0" offTime="24.0" isDynamic="false" isHarmonic="false" LightShaftOn="false" isBaked="false"  />
	<Light name="Fspot015" type="Spot" colorR="0.254118" colorG="0.3" colorB="0.26" decayRadius="1.3" decayPower="0.0" decayType="0" transform="-0.921077 -0.337407 -0.194353 0.0 -0.0576736 -0.375411 0.925063 0.0 -0.385085 0.863262 0.326323 0.0 -1814.1 -1631.47 12.3929 1.0" fovInner="0.0" fovOuter="1.0472" shadowNear="0.1" shadowFlags="0" specular="true" texture="" onTime="0.0" offTime="24.0" isDynamic="false" isHarmonic="false" LightShaftOn="false" isBaked="false"  />
	<Light name="Fspot025" type="Spot" colorR="0.74" colorG="0.74" colorB="0.74" decayRadius="6.0" decayPower="0.0" decayType="0" transform="-0.0216345 0.0629362 -0.997782 0.0 -0.118686 -0.991123 -0.0599427 0.0 -0.992695 0.117127 0.0289121 0.0 -1873.21 -1661.33 2.24839 1.0" fovInner="0.0" fovOuter="0.698132" shadowNear="0.1" shadowFlags="0" specular="true" texture="" onTime="0.0" offTime="24.0" isDynamic="false" isHarmonic="false" LightShaftOn="false" isBaked="false"  />
	<Light name="Fspot026" type="Spot" colorR="0.2" colorG="0.2" colorB="0.2" decayRadius="6.0" decayPower="0.0" decayType="0" transform="0.0418546 -0.0517416 -0.997783 0.0 -0.22745 0.971942 -0.0599426 0.0 0.972889 0.229455 0.0289116 0.0 -1865.3 -1660.54 2.24839 1.0" fovInner="0.0" fovOuter="0.698132" shadowNear="0.1" shadowFlags="0" specular="true" texture="" onTime="0.0" offTime="24.0" isDynamic="false" isHarmonic="false" LightShaftOn="false" isBaked="false"  />
	<Light name="SL_Spot003_LOS_StreetLight003_1017" type="Spot" colorR="0.5" colorG="0.5" colorB="0.5" decayRadius="3.0" decayPower="0.0" decayType="1" transform="-0.654298 0.222063 -0.722898 0.0 -0.0873633 -0.971711 -0.219421 0.0 -0.751173 -0.0804119 0.655189 0.0 -1870.32 -1661.33 2.10571 1.0" fovInner="0.0" fovOuter="0.872665" shadowNear="0.1" shadowFlags="1" specular="false" texture="" onTime="0.0" offTime="24.0" isDynamic="true" isHarmonic="false" LightShaftOn="false" isBaked="false"  />
</LightGroup>
