<?xml version="1.0" encoding="utf-8"?>
<!-- Created by LightDumper -->

<LightGroup name="Hotswap">
	<Light name="Fspot001" type="Spot" colorR="0.6" colorG="0.6" colorB="0.6" decayRadius="8.0" decayPower="0.0" decayType="0" transform="0.41381 0.0756796 -0.907212 0.0 -0.179901 0.983685 0.0 0.0 0.892411 0.163209 0.420673 0.0 907.371 -220.369 23.5829 1.0" fovInner="0.0" fovOuter="0.654498" shadowNear="0.1" shadowFlags="0" specular="true" texture="" onTime="0.0" offTime="24.0" isDynamic="false" isHarmonic="false" LightShaftOn="false" isBaked="false"  />
	<Light name="omni_01212" type="Omni" colorR="0.35" colorG="0.35" colorB="0.35" decayRadius="5.0" decayPower="1.0" decayType="0" transform="0.393735 -0.148115 -0.907212 0.0 0.352091 0.935966 0.0 0.0 0.849119 -0.319422 0.420673 0.0 913.081 -225.266 22.1681 1.0" shadowFlags="0" specular="true" texture="" onTime="0.0" offTime="24.0" isDynamic="false" isHarmonic="false" LightShaftOn="false" isBaked="false"  />
	<Light name="omni_1213" type="Omni" colorR="0.35" colorG="0.35" colorB="0.35" decayRadius="5.0" decayPower="1.0" decayType="0" transform="0.393735 -0.148115 -0.907212 0.0 0.352091 0.935966 0.0 0.0 0.849119 -0.319422 0.420673 0.0 913.081 -220.528 22.1681 1.0" shadowFlags="0" specular="true" texture="" onTime="0.0" offTime="24.0" isDynamic="false" isHarmonic="false" LightShaftOn="false" isBaked="false"  />
	<Light name="omni_1214" type="Omni" colorR="0.35" colorG="0.35" colorB="0.35" decayRadius="5.0" decayPower="1.0" decayType="0" transform="0.393735 -0.148115 -0.907212 0.0 0.352091 0.935966 0.0 0.0 0.849119 -0.319422 0.420673 0.0 909.864 -220.528 22.1681 1.0" shadowFlags="0" specular="true" texture="" onTime="0.0" offTime="24.0" isDynamic="false" isHarmonic="false" LightShaftOn="false" isBaked="false"  />
	<Light name="omni_1215" type="Omni" colorR="0.276471" colorG="0.256471" colorB="0.256471" decayRadius="4.0" decayPower="1.0" decayType="0" transform="0.393735 -0.148115 -0.907212 0.0 0.352091 0.935966 0.0 0.0 0.849119 -0.319422 0.420673 0.0 902.455 -219.586 22.1681 1.0" shadowFlags="0" specular="true" texture="" onTime="0.0" offTime="24.0" isDynamic="false" isHarmonic="false" LightShaftOn="false" isBaked="false"  />
	<Light name="Fspot002" type="Spot" colorR="0.5" colorG="0.5" colorB="0.5" decayRadius="7.0" decayPower="0.0" decayType="0" transform="-0.0556151 0.41698 -0.907212 0.0 -0.991223 -0.132205 1.70432e-007 0.0 -0.119938 0.899249 0.420673 0.0 904.185 -218.489 23.5829 1.0" fovInner="0.0" fovOuter="0.654498" shadowNear="0.1" shadowFlags="0" specular="true" texture="" onTime="0.0" offTime="24.0" isDynamic="false" isHarmonic="false" LightShaftOn="false" isBaked="false"  />
	<Light name="omni_1216" type="Omni" colorR="0.206863" colorG="0.218627" colorB="0.187255" decayRadius="2.0" decayPower="1.0" decayType="0" transform="0.393735 -0.148115 -0.907212 0.0 0.352091 0.935966 0.0 0.0 0.849119 -0.319422 0.420673 0.0 902.451 -222.742 21.4355 1.0" shadowFlags="0" specular="true" texture="" onTime="0.0" offTime="24.0" isDynamic="false" isHarmonic="false" LightShaftOn="false" isBaked="false"  />
	<Light name="omni_1217" type="Omni" colorR="0.53" colorG="0.53" colorB="0.53" decayRadius="5.0" decayPower="1.0" decayType="0" transform="0.393735 -0.148115 -0.907212 0.0 0.352091 0.935966 0.0 0.0 0.849119 -0.319422 0.420673 0.0 907.802 -223.685 22.1681 1.0" shadowFlags="0" specular="true" texture="" onTime="0.0" offTime="24.0" isDynamic="false" isHarmonic="false" LightShaftOn="false" isBaked="false"  />
	<Light name="omni_1218" type="Spot" colorR="0.37" colorG="0.37" colorB="0.37" decayRadius="3.0" decayPower="1.0" decayType="0" transform="0.0271497 -0.419795 -0.907212 0.0 0.997916 0.0645387 0.0 0.0 0.0585503 -0.905321 0.420673 0.0 905.224 -223.053 22.1681 1.0" fovInner="0.0" fovOuter="0.436332" shadowNear="0.1" shadowFlags="0" specular="true" texture="" onTime="0.0" offTime="24.0" isDynamic="false" isHarmonic="false" LightShaftOn="false" isBaked="false"  />
	<Light name="omni_1219" type="Spot" colorR="0.76" colorG="0.76" colorB="0.76" decayRadius="3.0" decayPower="1.0" decayType="0" transform="0.387148 0.164566 -0.907212 0.0 -0.391196 0.920308 0.0 0.0 0.834914 0.354898 0.420672 0.0 906.2 -222.252 22.1681 1.0" fovInner="0.0" fovOuter="0.436332" shadowNear="0.1" shadowFlags="0" specular="true" texture="" onTime="0.0" offTime="24.0" isDynamic="false" isHarmonic="false" LightShaftOn="false" isBaked="false"  />
</LightGroup>
