<?xml version="1.0" encoding="utf-8"?>
<!-- Created by LightDumper -->

<LightGroup name="Hotswap">
	<Light name="Fspot001" type="Spot" colorR="0.628235" colorG="0.769412" colorB="0.9" decayRadius="4.0" decayPower="0.0" decayType="0" transform="0.186553 0.050532 -0.981144 0.0 -0.26145 0.965217 0.0 0.0 0.947017 0.25652 0.193276 0.0 -788.797 732.613 21.1794 1.0" fovInner="0.00436332" fovOuter="0.610865" shadowNear="0.1" shadowFlags="0" specular="true" texture="" onTime="0.0" offTime="24.0" isDynamic="false" isHarmonic="false" LightShaftOn="false" isBaked="false"  />
	<Light name="Fspot002" type="Spot" colorR="0.75" colorG="0.655882" colorB="0.573529" decayRadius="4.0" decayPower="0.0" decayType="0" transform="-0.192741 0.0143811 -0.981144 0.0 -0.0744069 -0.997228 0.0 0.0 -0.978425 0.0730039 0.193276 0.0 -794.672 732.195 21.1794 1.0" fovInner="0.00436332" fovOuter="0.436332" shadowNear="0.1" shadowFlags="0" specular="true" texture="" onTime="0.0" offTime="24.0" isDynamic="false" isHarmonic="false" LightShaftOn="false" isBaked="false"  />
	<Light name="omni02" type="Omni" colorR="0.147451" colorG="0.174902" colorB="0.2" decayRadius="2.0" decayPower="1.0" decayType="0" transform="0.193276 0.0 -0.981144 0.0 0.0 1.0 0.0 0.0 0.981144 0.0 0.193276 0.0 -791.983 731.196 20.4808 1.0" shadowFlags="0" specular="true" texture="" onTime="0.0" offTime="24.0" isDynamic="false" isHarmonic="false" LightShaftOn="false" isBaked="false"  />
	<Light name="Fspot003" type="Spot" colorR="0.7" colorG="0.614902" colorB="0.538039" decayRadius="4.0" decayPower="0.0" decayType="0" transform="-0.124555 0.14779 -0.981144 0.0 -0.764655 -0.644441 0.0 0.0 -0.632289 0.750236 0.193276 0.0 -794.385 732.756 21.1794 1.0" fovInner="0.00436332" fovOuter="0.436332" shadowNear="0.1" shadowFlags="0" specular="true" texture="" onTime="0.0" offTime="24.0" isDynamic="false" isHarmonic="false" LightShaftOn="false" isBaked="false"  />
	<Light name="Fspot004" type="Spot" colorR="0.816784" colorG="0.82" colorB="0.82" decayRadius="4.0" decayPower="0.0" decayType="0" transform="-0.0556425 -0.0268048 -0.998091 0.0 0.957664 -0.284229 -0.0457555 0.0 -0.28246 -0.958382 0.0414852 0.0 -793.613 727.436 20.6314 1.0" fovInner="0.00436332" fovOuter="0.610865" shadowNear="0.1" shadowFlags="0" specular="true" texture="" onTime="0.0" offTime="24.0" isDynamic="false" isHarmonic="false" LightShaftOn="false" isBaked="false"  />
	<Light name="omni003" type="Omni" colorR="0.6" colorG="0.574118" colorB="0.501177" decayRadius="6.0" decayPower="1.0" decayType="0" transform="0.193276 0.0 -0.981144 0.0 0.0 1.0 0.0 0.0 0.981144 0.0 0.193276 0.0 -789.546 727.227 19.8554 1.0" shadowFlags="0" specular="true" texture="" onTime="0.0" offTime="24.0" isDynamic="false" isHarmonic="false" LightShaftOn="false" isBaked="false"  />
	<Light name="omni004" type="Omni" colorR="0.885412" colorG="0.985177" colorB="1.06" decayRadius="6.0" decayPower="1.0" decayType="0" transform="0.193276 0.0 -0.981144 0.0 0.0 1.0 0.0 0.0 0.981144 0.0 0.193276 0.0 -785.76 732.09 21.4301 1.0" shadowFlags="0" specular="true" texture="" onTime="0.0" offTime="24.0" isDynamic="false" isHarmonic="false" LightShaftOn="false" isBaked="false"  />
	<Light name="omni005" type="Omni" colorR="0.8" colorG="0.76549" colorB="0.668235" decayRadius="6.0" decayPower="1.0" decayType="0" transform="0.193276 0.0 -0.981144 0.0 0.0 1.0 0.0 0.0 0.981144 0.0 0.193276 0.0 -806.794 728.951 22.5598 1.0" shadowFlags="0" specular="true" texture="" onTime="0.0" offTime="24.0" isDynamic="false" isHarmonic="false" LightShaftOn="false" isBaked="false"  />
	<Light name="omni006" type="Omni" colorR="0.8" colorG="0.76549" colorB="0.668235" decayRadius="5.0" decayPower="1.0" decayType="0" transform="0.193276 0.0 -0.981144 0.0 0.0 1.0 0.0 0.0 0.981144 0.0 0.193276 0.0 -800.667 727.095 22.5598 1.0" shadowFlags="0" specular="true" texture="" onTime="0.0" offTime="24.0" isDynamic="false" isHarmonic="false" LightShaftOn="false" isBaked="false"  />
</LightGroup>
