<?xml version="1.0" encoding="utf-8"?>
<!-- Created by LightDumper -->

<LightGroup name="Hotswap">
	<Light name="NIS_AMBIENT" type="Spot" colorR="0.494118" colorG="0.6" colorB="0.595294" decayRadius="16.0" decayPower="0.0" decayType="0" transform="0.974364 -0.224914 0.00547173 0.0 -0.000144385 -0.0249455 -0.999688 0.0 0.224981 0.974058 -0.0243385 0.0 -378.045 1020.74 17.4497 1.0" fovInner="0.00436332" fovOuter="0.785398" shadowNear="0.1" shadowFlags="0" specular="true" texture="Gob_Square" onTime="0.0" offTime="24.0" isDynamic="false" isHarmonic="false" LightShaftOn="false" isBaked="false"  />
	<Light name="NIS_EMERGENCYLIGHT" type="Spot" colorR="0.77" colorG="0.77" colorB="0.673373" decayRadius="15.0" decayPower="0.5" decayType="0" transform="-0.133248 -0.292962 -0.946794 0.0 0.559836 -0.810552 0.172016 0.0 -0.817819 -0.507128 0.272015 0.0 -387.402 1006.93 19.1691 1.0" fovInner="0.261799" fovOuter="0.523599" shadowNear="0.1" shadowFlags="1" specular="true" texture="Gob_Strip" onTime="0.0" offTime="24.0" isDynamic="false" isHarmonic="false" LightShaftOn="false" isBaked="false"  />
	<Light name="NIS_FILL" type="Spot" colorR="1.0" colorG="1.0" colorB="1.0" decayRadius="10.0" decayPower="1.0" decayType="0" transform="0.394607 0.918851 -3.48082e-007 0.0 0.420902 -0.180758 0.888916 0.0 0.816782 -0.350772 -0.458074 0.0 -372.283 1011.88 15.8281 1.0" fovInner="0.00436332" fovOuter="0.785398" shadowNear="0.1" shadowFlags="0" specular="true" texture="Gob_Strip" onTime="0.0" offTime="24.0" isDynamic="false" isHarmonic="false" LightShaftOn="false" isBaked="false"  />
	<Light name="NIS_SKYLIGHT_" type="Spot" colorR="0.8" colorG="0.8" colorB="0.718431" decayRadius="10.0" decayPower="0.0" decayType="0" transform="0.247238 0.950875 -0.186307 0.0 0.533339 0.0269815 0.845471 0.0 0.808965 -0.308398 -0.500468 0.0 -373.413 1010.86 15.2769 1.0" fovInner="0.00872665" fovOuter="0.610865" shadowNear="0.1" shadowFlags="0" specular="true" texture="" onTime="0.0" offTime="24.0" isDynamic="false" isHarmonic="false" LightShaftOn="false" isBaked="false"  />
	<Light name="NIS_ENV_Pack_UncPoDoor" type="Spot" colorR="0.9" colorG="0.9" colorB="0.9" decayRadius="12.0" decayPower="0.0" decayType="1" transform="0.731844 0.681408 -0.00933447 0.0 -0.165109 0.190586 0.967686 0.0 0.661168 -0.706654 0.251986 0.0 -378.763 1022.51 19.5017 1.0" fovInner="0.349066" fovOuter="0.523599" shadowNear="0.1" shadowFlags="0" specular="false" texture="Gob_NP_Streetlight2" onTime="0.0" offTime="24.0" isDynamic="false" isHarmonic="false" LightShaftOn="false" isBaked="false"  />
	<Light name="NIS_ENV_Pack_Spot002" type="Spot" colorR="0.9" colorG="0.9" colorB="0.9" decayRadius="11.0" decayPower="0.0" decayType="1" transform="0.45027 0.377822 -0.809017 0.0 -0.642788 0.766045 2.38419e-007 0.0 0.619743 0.520026 0.587785 0.0 -378.817 1049.7 19.5 1.0" fovInner="0.349066" fovOuter="0.610865" shadowNear="0.1" shadowFlags="0" specular="false" texture="Gob_NP_Streetlight2" onTime="0.0" offTime="24.0" isDynamic="false" isHarmonic="false" LightShaftOn="false" isBaked="false"  />
	<Light name="NIS_ENV_Pack_Spot005" type="Spot" colorR="0.9" colorG="0.9" colorB="0.9" decayRadius="11.0" decayPower="0.0" decayType="1" transform="0.481486 -0.33714 -0.809017 0.0 0.573577 0.819152 2.49594e-007 0.0 0.662708 -0.464033 0.587785 0.0 -370.066 1002.16 19.5 1.0" fovInner="0.349066" fovOuter="0.610865" shadowNear="0.1" shadowFlags="0" specular="false" texture="Gob_NP_Streetlight2" onTime="0.0" offTime="24.0" isDynamic="false" isHarmonic="false" LightShaftOn="false" isBaked="false"  />
	<Light name="NIS_ENV_Pack_Spot006" type="Spot" colorR="0.5" colorG="0.5" colorB="0.5" decayRadius="11.0" decayPower="0.0" decayType="1" transform="-0.408239 0.314015 -0.857167 0.0 -0.609694 -0.792637 3.57628e-007 0.0 -0.679422 0.52261 0.515038 0.0 -386.029 1007.46 19.5 1.0" fovInner="0.436332" fovOuter="0.698132" shadowNear="0.1" shadowFlags="0" specular="false" texture="Gob_NP_Streetlight2" onTime="0.0" offTime="24.0" isDynamic="false" isHarmonic="false" LightShaftOn="false" isBaked="false"  />
	<Light name="NIS_ENV_Pack_Spot016" type="Spot" colorR="0.9" colorG="0.9" colorB="0.9" decayRadius="11.0" decayPower="1.0" decayType="1" transform="-0.201034 -0.552338 -0.809017 0.0 0.939693 -0.34202 2.38419e-007 0.0 -0.2767 -0.760227 0.587785 0.0 -369.144 1002.2 19.5 1.0" fovInner="0.523599" fovOuter="0.610865" shadowNear="0.1" shadowFlags="0" specular="false" texture="Gob_NP_Streetlight2" onTime="0.0" offTime="24.0" isDynamic="false" isHarmonic="false" LightShaftOn="false" isBaked="false"  />
</LightGroup>
