<?xml version="1.0" encoding="utf-8"?>
<!-- Created by LightDumper -->

<LightGroup name="Hotswap">
	<Light name="NIS_KEY" type="Spot" colorR="0.7" colorG="0.592941" colorB="0.334902" decayRadius="8.0" decayPower="0.0" decayType="0" transform="0.908379 -0.0582851 -0.414065 0.0 0.41134 0.302506 0.859819 0.0 0.0751429 -0.951364 0.298766 0.0 -1593.69 -1529.23 5.10391 1.0" fovInner="0.375246" fovOuter="0.610865" shadowNear="0.1" shadowFlags="0" specular="true" texture="" onTime="18.0" offTime="6.0" isDynamic="false" isHarmonic="false" LightShaftOn="false" isBaked="false"  />
	<Light name="NIS_RIM" type="Spot" colorR="0.6" colorG="0.517647" colorB="0.451765" decayRadius="12.0" decayPower="0.0" decayType="0" transform="0.0261768 0.0 -0.999657 0.0 -0.304225 0.952567 -0.00796633 0.0 0.95224 0.304329 0.0249351 0.0 -1577.95 -1519.4 2.73173 1.0" fovInner="0.375246" fovOuter="0.698132" shadowNear="0.1" shadowFlags="0" specular="true" texture="" onTime="18.0" offTime="6.0" isDynamic="false" isHarmonic="false" LightShaftOn="false" isBaked="false"  />
	<Light name="NIS_FILL" type="Spot" colorR="0.6" colorG="0.517647" colorB="0.451765" decayRadius="10.0" decayPower="0.0" decayType="0" transform="0.0762806 -0.0968286 0.992374 0.0 0.785526 0.618829 0.0 0.0 -0.614109 0.779535 0.123266 0.0 -1587.94 -1514.76 1.06432 1.0" fovInner="0.610865" fovOuter="0.785398" shadowNear="0.1" shadowFlags="0" specular="true" texture="" onTime="18.0" offTime="6.0" isDynamic="false" isHarmonic="false" LightShaftOn="false" isBaked="false"  />
	<Light name="NIS_FILL001" type="Spot" colorR="0.7" colorG="0.603922" colorB="0.527059" decayRadius="7.0" decayPower="0.0" decayType="0" transform="0.0843963 -0.089843 0.992374 0.0 0.728856 0.684667 -2.46218e-007 0.0 -0.679445 0.723298 0.123266 0.0 -1594.52 -1521.0 1.63932 1.0" fovInner="0.261799" fovOuter="0.610865" shadowNear="0.1" shadowFlags="0" specular="true" texture="" onTime="18.0" offTime="6.0" isDynamic="false" isHarmonic="false" LightShaftOn="false" isBaked="false"  />
</LightGroup>
