<?xml version="1.0" encoding="utf-8"?>
<!-- Created by LightDumper -->

<LightGroup name="Hotswap">
	<Light name="LC_fade_scraper01" type="Card" colorR="0.456863" colorG="0.472549" colorB="0.496078" decayRadius="1.88487" transform="-1.59914 -0.745689 0.0 0.0 -1.38071e-007 2.96095e-007 2.0053 0.0 -0.676126 1.44996 -2.60649e-007 0.0 436.213 609.091 26.9617 1.0" shadowFlags="0" texture="spot_singlehd" onTime="0.0" offTime="24.0" isDynamic="true" isBiased="undefined"  />
	<Light name="LC_fade_scraper02" type="Card" colorR="0.456863" colorG="0.472549" colorB="0.496078" decayRadius="1.88487" transform="-1.59914 -0.745689 0.0 0.0 -1.38071e-007 2.96095e-007 2.0053 0.0 -0.676126 1.44996 -2.60649e-007 0.0 436.9 609.418 26.9617 1.0" shadowFlags="0" texture="spot_singlehd" onTime="0.0" offTime="24.0" isDynamic="true" isBiased="undefined"  />
	<Light name="LC_fade_scraper003" type="Card" colorR="0.456863" colorG="0.472549" colorB="0.496078" decayRadius="0.823651" transform="-0.43036 0.92291 0.0 0.0 0.0 0.0 0.628984 0.0 0.608773 0.283876 0.0 0.0 438.982 608.408 27.8957 1.0" shadowFlags="0" texture="spot_singlehd" onTime="0.0" offTime="24.0" isDynamic="true" isBiased="undefined"  />
	<Light name="LC_fade_scraper004" type="Card" colorR="0.456863" colorG="0.472549" colorB="0.496078" decayRadius="1.88487" transform="-1.59914 -0.745689 0.0 0.0 -1.38071e-007 2.96095e-007 2.0053 0.0 -0.676126 1.44996 -2.60649e-007 0.0 436.213 609.091 26.9617 1.0" shadowFlags="0" texture="spot_singlehd" onTime="0.0" offTime="24.0" isDynamic="true" isBiased="undefined"  />
	<Light name="LC_fade_scraper005" type="Card" colorR="0.456863" colorG="0.472549" colorB="0.496078" decayRadius="1.88487" transform="-1.59914 -0.745689 0.0 0.0 -1.38071e-007 2.96095e-007 2.0053 0.0 -0.676126 1.44996 -2.60649e-007 0.0 436.9 609.418 26.9617 1.0" shadowFlags="0" texture="spot_singlehd" onTime="0.0" offTime="24.0" isDynamic="true" isBiased="undefined"  />
	<Light name="LC_fade_scraper006" type="Card" colorR="0.456863" colorG="0.472549" colorB="0.496078" decayRadius="0.823651" transform="-0.43036 0.92291 0.0 0.0 0.0 0.0 0.628984 0.0 0.608773 0.283876 0.0 0.0 438.982 608.408 27.8957 1.0" shadowFlags="0" texture="spot_singlehd" onTime="0.0" offTime="24.0" isDynamic="true" isBiased="undefined"  />
	<Light name="CL_Spot03" type="Spot" colorR="0.491765" colorG="0.442353" colorB="0.334118" decayRadius="8.0" decayPower="0.0" decayType="1" transform="0.383022 -0.821394 -0.422618 0.0 0.897352 0.439427 -0.0407861 0.0 0.219211 -0.363615 0.90539 0.0 445.458 597.864 30.8322 1.0" fovInner="0.418879" fovOuter="0.436332" shadowNear="0.1" shadowFlags="0" specular="false" texture="Gob_VivianApt" onTime="0.0" offTime="24.0" isDynamic="true" isHarmonic="false" LightShaftOn="false" isBaked="false"  />
	<Light name="CL_Omni04" type="Omni" colorR="0.390588" colorG="0.363922" colorB="0.335686" decayRadius="4.0" decayPower="0.0" decayType="1" transform="0.422618 -0.906308 0.0 0.0 0.906308 0.422618 0.0 0.0 0.0 0.0 1.0 0.0 435.164 611.076 27.4102 1.0" shadowFlags="0" specular="false" texture="" onTime="0.0" offTime="24.0" isDynamic="true" isHarmonic="false" LightShaftOn="false" isBaked="false"  />
	<Light name="CL_Omni05" type="Omni" colorR="0.245882" colorG="0.221176" colorB="0.167059" decayRadius="7.0" decayPower="0.0" decayType="2" transform="0.422618 -0.906308 0.0 0.0 0.90539 0.42219 -0.0450025 0.0 0.0407861 0.0190189 0.998987 0.0 440.046 592.054 27.4169 1.0" shadowFlags="0" specular="false" texture="" onTime="0.0" offTime="24.0" isDynamic="true" isHarmonic="false" LightShaftOn="false" isBaked="false"  />
	<Light name="CL_Omni06" type="Omni" colorR="0.245882" colorG="0.221176" colorB="0.167059" decayRadius="7.0" decayPower="0.0" decayType="2" transform="0.422618 -0.906308 0.0 0.0 0.90539 0.42219 -0.0450025 0.0 0.0407861 0.0190189 0.998987 0.0 443.86 593.833 27.4169 1.0" shadowFlags="0" specular="false" texture="" onTime="0.0" offTime="24.0" isDynamic="true" isHarmonic="false" LightShaftOn="false" isBaked="false"  />
	<Light name="CL_Omni07" type="Omni" colorR="0.245882" colorG="0.221176" colorB="0.167059" decayRadius="7.0" decayPower="0.0" decayType="2" transform="0.422618 -0.906308 0.0 0.0 0.90539 0.42219 -0.0450025 0.0 0.0407861 0.0190189 0.998987 0.0 448.04 595.782 27.4169 1.0" shadowFlags="0" specular="false" texture="" onTime="0.0" offTime="24.0" isDynamic="true" isHarmonic="false" LightShaftOn="false" isBaked="false"  />
	<Light name="CL_Spot05" type="Spot" colorR="0.491765" colorG="0.442353" colorB="0.334118" decayRadius="8.0" decayPower="0.0" decayType="1" transform="0.383022 -0.821394 -0.422618 0.0 0.897352 0.439427 -0.0407861 0.0 0.219211 -0.363615 0.90539 0.0 440.437 595.676 30.8375 1.0" fovInner="0.418879" fovOuter="0.436332" shadowNear="0.1" shadowFlags="0" specular="false" texture="Gob_VivianApt" onTime="0.0" offTime="24.0" isDynamic="true" isHarmonic="false" LightShaftOn="false" isBaked="false"  />
	<Light name="CL_Spot06" type="Spot" colorR="0.491765" colorG="0.442353" colorB="0.334118" decayRadius="8.0" decayPower="0.0" decayType="1" transform="0.383022 -0.821394 -0.422618 0.0 0.897352 0.439427 -0.0407861 0.0 0.219211 -0.363615 0.90539 0.0 437.214 594.165 30.8374 1.0" fovInner="0.418879" fovOuter="0.436332" shadowNear="0.1" shadowFlags="0" specular="false" texture="Gob_VivianApt" onTime="0.0" offTime="24.0" isDynamic="true" isHarmonic="false" LightShaftOn="false" isBaked="false"  />
	<Light name="CL_Spot07" type="Spot" colorR="0.491765" colorG="0.442353" colorB="0.334118" decayRadius="8.0" decayPower="0.0" decayType="1" transform="0.383022 -0.821394 -0.422618 0.0 0.897352 0.439427 -0.0407861 0.0 0.219211 -0.363615 0.90539 0.0 448.52 599.239 30.8403 1.0" fovInner="0.418879" fovOuter="0.436332" shadowNear="0.1" shadowFlags="0" specular="false" texture="Gob_VivianApt" onTime="0.0" offTime="24.0" isDynamic="true" isHarmonic="false" LightShaftOn="false" isBaked="false"  />
	<Light name="CL_Spot08" type="Spot" colorR="1.13882" colorG="0.936471" colorB="0.672941" decayRadius="10.0" decayPower="1.0" decayType="1" transform="-0.906308 -0.422618 -1.50996e-007 0.0 0.422618 -0.906308 0.0 0.0 -1.73795e-007 0.0 1.0 0.0 428.407 610.777 34.1463 1.0" fovInner="0.261799" fovOuter="0.610865" shadowNear="0.1" shadowFlags="0" specular="true" texture="Gob_FX_HangingLight001" onTime="0.0" offTime="24.0" isDynamic="true" isHarmonic="false" LightShaftOn="false" isBaked="false"  />
	<Light name="CL_Spot15" type="Spot" colorR="0.964706" colorG="0.890196" colorB="0.847059" decayRadius="2.4" decayPower="1.0" decayType="1" transform="-0.906169 -0.422554 0.0174522 0.0 0.422619 -0.906308 0.0 0.0 0.015817 0.00737569 0.999847 0.0 431.037 603.636 29.1954 1.0" fovInner="0.349066" fovOuter="0.610865" shadowNear="0.1" shadowFlags="0" specular="false" texture="Gob_FX_HangingLight001" onTime="0.0" offTime="24.0" isDynamic="true" isHarmonic="false" LightShaftOn="false" isBaked="false"  />
	<Light name="CL_Spot16" type="Spot" colorR="0.964706" colorG="0.890196" colorB="0.847059" decayRadius="2.4" decayPower="1.0" decayType="1" transform="-0.906169 -0.422554 0.0174522 0.0 0.422619 -0.906308 0.0 0.0 0.015817 0.00737569 0.999847 0.0 431.513 602.614 29.1954 1.0" fovInner="0.349066" fovOuter="0.610865" shadowNear="0.1" shadowFlags="0" specular="false" texture="Gob_FX_HangingLight001" onTime="0.0" offTime="24.0" isDynamic="true" isHarmonic="false" LightShaftOn="false" isBaked="false"  />
	<Light name="CL_Spot17" type="Spot" colorR="0.964706" colorG="0.890196" colorB="0.847059" decayRadius="2.4" decayPower="1.0" decayType="1" transform="-0.906169 -0.422554 0.0174522 0.0 0.422619 -0.906308 0.0 0.0 0.015817 0.00737569 0.999847 0.0 431.985 601.602 29.1954 1.0" fovInner="0.349066" fovOuter="0.610865" shadowNear="0.1" shadowFlags="0" specular="false" texture="Gob_FX_HangingLight001" onTime="0.0" offTime="24.0" isDynamic="true" isHarmonic="false" LightShaftOn="false" isBaked="false"  />
	<Light name="CL_Omni13" type="Omni" colorR="0.482353" colorG="0.380392" colorB="0.32549" decayRadius="8.0" decayPower="0.0" decayType="2" transform="-0.906308 -0.422618 -1.50996e-007 0.0 0.422618 -0.906308 0.0 0.0 -1.73795e-007 0.0 1.0 0.0 428.915 611.053 33.0678 1.0" shadowFlags="0" specular="false" texture="Gob_VivianApt" onTime="0.0" offTime="24.0" isDynamic="true" isHarmonic="false" LightShaftOn="false" isBaked="false"  />
	<Light name="CL_Omni17" type="Omni" colorR="0.482353" colorG="0.380392" colorB="0.32549" decayRadius="6.0" decayPower="0.0" decayType="1" transform="0.422618 -0.906308 0.0 0.0 0.906308 0.422618 0.0 0.0 0.0 0.0 1.0 0.0 433.591 614.123 32.0184 1.0" shadowFlags="0" specular="false" texture="" onTime="0.0" offTime="24.0" isDynamic="true" isHarmonic="false" LightShaftOn="false" isBaked="false"  />
	<Light name="CL_Spot01" type="Spot" colorR="0.94902" colorG="0.780392" colorB="0.560784" decayRadius="6.0" decayPower="1.0" decayType="2" transform="0.422618 -0.906308 0.0 0.0 0.906308 0.422618 0.0 0.0 0.0 0.0 1.0 0.0 433.582 614.121 34.6485 1.0" fovInner="0.436332" fovOuter="0.872665" shadowNear="0.1" shadowFlags="0" specular="false" texture="" onTime="0.0" offTime="24.0" isDynamic="true" isHarmonic="false" LightShaftOn="false" isBaked="false"  />
	<Light name="CL_Omni023" type="Omni" colorR="0.2" colorG="0.168627" colorB="0.141176" decayRadius="6.0" decayPower="0.0" decayType="1" transform="0.422618 -0.906308 0.0 0.0 0.906308 0.422618 0.0 0.0 0.0 0.0 1.0 0.0 439.659 601.178 27.9577 1.0" shadowFlags="0" specular="false" texture="" onTime="0.0" offTime="24.0" isDynamic="true" isHarmonic="false" LightShaftOn="false" isBaked="false"  />
	<Light name="CL_Omni024" type="Omni" colorR="0.385882" colorG="0.304314" colorB="0.260392" decayRadius="5.0" decayPower="0.0" decayType="1" transform="0.422618 -0.906308 0.0 0.0 0.906308 0.422618 0.0 0.0 0.0 0.0 1.0 0.0 437.514 614.219 32.0184 1.0" shadowFlags="0" specular="false" texture="" onTime="0.0" offTime="24.0" isDynamic="true" isHarmonic="false" LightShaftOn="false" isBaked="false"  />
	<Light name="CL_Omni025" type="Omni" colorR="0.385882" colorG="0.304314" colorB="0.260392" decayRadius="5.0" decayPower="0.0" decayType="1" transform="0.422618 -0.906308 0.0 0.0 0.906308 0.422618 0.0 0.0 0.0 0.0 1.0 0.0 435.346 618.869 32.0184 1.0" shadowFlags="0" specular="false" texture="" onTime="0.0" offTime="24.0" isDynamic="true" isHarmonic="false" LightShaftOn="false" isBaked="false"  />
	<Light name="CL_Omni027" type="Omni" colorR="0.192941" colorG="0.152157" colorB="0.130196" decayRadius="5.0" decayPower="0.0" decayType="1" transform="0.422618 -0.906308 0.0 0.0 0.906308 0.422618 0.0 0.0 0.0 0.0 1.0 0.0 438.357 604.713 32.333 1.0" shadowFlags="0" specular="false" texture="" onTime="0.0" offTime="24.0" isDynamic="true" isHarmonic="false" LightShaftOn="false" isBaked="false"  />
	<Light name="CL_Omni028" type="Omni" colorR="0.192941" colorG="0.152157" colorB="0.130196" decayRadius="5.0" decayPower="0.0" decayType="1" transform="0.422618 -0.906308 0.0 0.0 0.906308 0.422618 0.0 0.0 0.0 0.0 1.0 0.0 435.563 610.071 32.333 1.0" shadowFlags="0" specular="false" texture="" onTime="0.0" offTime="24.0" isDynamic="true" isHarmonic="false" LightShaftOn="false" isBaked="false"  />
	<Light name="CL_Omni029" type="Omni" colorR="0.192941" colorG="0.152157" colorB="0.130196" decayRadius="5.0" decayPower="0.0" decayType="2" transform="-0.906308 -0.422618 -1.50996e-007 0.0 0.422618 -0.906308 0.0 0.0 -1.73795e-007 0.0 1.0 0.0 428.386 615.779 31.2014 1.0" shadowFlags="0" specular="false" texture="Gob_VivianApt" onTime="0.0" offTime="24.0" isDynamic="true" isHarmonic="false" LightShaftOn="false" isBaked="false"  />
	<Light name="CL_Spot018" type="Spot" colorR="0.578824" colorG="0.534118" colorB="0.508235" decayRadius="2.3" decayPower="0.0" decayType="1" transform="-0.464334 -0.422554 0.778358 0.0 0.223465 -0.906307 -0.358706 0.0 0.857005 0.00737628 0.515256 0.0 433.113 603.734 27.5721 1.0" fovInner="0.349066" fovOuter="0.698132" shadowNear="0.1" shadowFlags="0" specular="true" texture="" onTime="0.0" offTime="24.0" isDynamic="true" isHarmonic="false" LightShaftOn="false" isBaked="false"  />
	<Light name="CL_Spot019" type="Spot" colorR="0.491294" colorG="0.541333" colorB="0.58" decayRadius="1.4" decayPower="0.0" decayType="1" transform="0.00622471 0.26687 0.963712 0.0 -0.565044 0.796068 -0.216796 0.0 -0.825037 -0.54319 0.155748 0.0 431.199 603.175 27.2804 1.0" fovInner="0.349066" fovOuter="0.698132" shadowNear="0.1" shadowFlags="0" specular="true" texture="" onTime="0.0" offTime="24.0" isDynamic="true" isHarmonic="false" LightShaftOn="false" isBaked="false"  />
	<Light name="CL_Spot020" type="Spot" colorR="0.385882" colorG="0.356078" colorB="0.338824" decayRadius="1.4" decayPower="0.0" decayType="1" transform="0.354047 -0.167353 0.920132 0.0 0.81642 0.535217 -0.216796 0.0 -0.45619 0.827969 0.326123 0.0 431.696 604.652 27.5823 1.0" fovInner="0.349066" fovOuter="0.698132" shadowNear="0.1" shadowFlags="0" specular="true" texture="" onTime="0.0" offTime="24.0" isDynamic="true" isHarmonic="false" LightShaftOn="false" isBaked="false"  />
	<Light name="CL_Spot021" type="Spot" colorR="0.347294" colorG="0.320471" colorB="0.304941" decayRadius="3.3" decayPower="0.0" decayType="1" transform="0.00218313 0.251174 0.967939 0.0 -0.392197 0.890606 -0.230222 0.0 -0.919878 -0.37912 0.100454 0.0 431.651 604.006 27.4407 1.0" fovInner="0.349066" fovOuter="0.785398" shadowNear="0.1" shadowFlags="0" specular="true" texture="" onTime="0.0" offTime="24.0" isDynamic="true" isHarmonic="false" LightShaftOn="false" isBaked="false"  />
	<Light name="CL_Spot022" type="Spot" colorR="0.540235" colorG="0.49851" colorB="0.474353" decayRadius="3.0" decayPower="0.0" decayType="1" transform="-0.187161 -0.343987 0.920132 0.0 0.488059 -0.845457 -0.216796 0.0 0.852507 0.408503 0.326123 0.0 434.637 605.321 28.0282 1.0" fovInner="0.349066" fovOuter="1.0472" shadowNear="0.1" shadowFlags="0" specular="true" texture="" onTime="0.0" offTime="24.0" isDynamic="true" isHarmonic="false" LightShaftOn="false" isBaked="false"  />
	<Light name="CL_Spot023" type="Spot" colorR="0.321882" colorG="0.354667" colorB="0.38" decayRadius="2.0" decayPower="0.0" decayType="1" transform="0.433917 -0.264061 0.861387 0.0 0.85089 0.43438 -0.295468 0.0 -0.296148 0.861153 0.413171 0.0 431.696 606.091 27.7069 1.0" fovInner="0.349066" fovOuter="1.0472" shadowNear="0.1" shadowFlags="0" specular="true" texture="" onTime="0.0" offTime="24.0" isDynamic="true" isHarmonic="false" LightShaftOn="false" isBaked="false"  />
	<Light name="CL_Spot025" type="Spot" colorR="0.598118" colorG="0.551922" colorB="0.525177" decayRadius="2.0" decayPower="0.0" decayType="1" transform="0.13006 -0.334319 0.933443 0.0 0.328523 -0.87373 -0.358707 0.0 0.935498 0.35331 -0.00380555 0.0 434.208 604.836 27.6339 1.0" fovInner="0.349066" fovOuter="0.436332" shadowNear="0.1" shadowFlags="0" specular="true" texture="" onTime="0.0" offTime="24.0" isDynamic="true" isHarmonic="false" LightShaftOn="false" isBaked="false"  />
	<Light name="CL_Spot026" type="Spot" colorR="0.598118" colorG="0.551922" colorB="0.525177" decayRadius="2.0" decayPower="0.0" decayType="1" transform="-0.254374 -0.25294 0.933443 0.0 -0.669351 -0.650615 -0.358707 0.0 0.698042 -0.716046 -0.00380556 0.0 433.51 604.302 27.6339 1.0" fovInner="0.349066" fovOuter="0.785398" shadowNear="0.1" shadowFlags="0" specular="true" texture="" onTime="0.0" offTime="24.0" isDynamic="true" isHarmonic="false" LightShaftOn="false" isBaked="false"  />
	<Light name="CL_Omni03" type="Omni" colorR="0.398039" colorG="0.427451" colorB="0.466667" decayRadius="1.5" decayPower="0.0" decayType="1" transform="0.422618 -0.906308 0.0 0.0 0.906308 0.422618 0.0 0.0 0.0 0.0 1.0 0.0 437.174 608.812 27.4046 1.0" shadowFlags="0" specular="false" texture="" onTime="18.0" offTime="6.0" isDynamic="true" isHarmonic="false" LightShaftOn="false" isBaked="false"  />
	<Light name="CL_Omni12" type="Spot" colorR="0.675294" colorG="0.623137" colorB="0.592941" decayRadius="5.0" decayPower="0.0" decayType="2" transform="0.422618 -0.906308 0.0 0.0 0.906308 0.422618 0.0 0.0 0.0 0.0 1.0 0.0 435.808 596.864 29.377 1.0" fovInner="0.174533" fovOuter="0.785398" shadowNear="0.1" shadowFlags="0" specular="false" texture="" onTime="18.0" offTime="6.0" isDynamic="true" isHarmonic="false" LightShaftOn="false" isBaked="false"  />
	<Light name="CL_Omni15" type="Omni" colorR="0.398039" colorG="0.427451" colorB="0.466667" decayRadius="1.2" decayPower="0.0" decayType="1" transform="0.0 0.0 -1.0 0.0 -0.422619 0.906307 0.0 0.0 0.906307 0.422619 0.0 0.0 439.149 608.268 28.0142 1.0" shadowFlags="0" specular="false" texture="" onTime="18.0" offTime="6.0" isDynamic="true" isHarmonic="false" LightShaftOn="false" isBaked="false"  />
	<Light name="CL_Omni16" type="Omni" colorR="0.398039" colorG="0.427451" colorB="0.466667" decayRadius="1.2" decayPower="0.0" decayType="1" transform="0.0 0.0 -1.0 0.0 -0.422618 0.906308 0.0 0.0 0.906308 0.422618 0.0 0.0 439.67 607.121 28.0091 1.0" shadowFlags="0" specular="false" texture="" onTime="18.0" offTime="6.0" isDynamic="true" isHarmonic="false" LightShaftOn="false" isBaked="false"  />
	<Light name="CL_Omni020" type="Spot" colorR="0.675294" colorG="0.623137" colorB="0.592941" decayRadius="5.0" decayPower="0.0" decayType="2" transform="0.422618 -0.906308 0.0 0.0 0.906308 0.422618 0.0 0.0 0.0 0.0 1.0 0.0 436.283 595.779 29.377 1.0" fovInner="0.174533" fovOuter="0.785398" shadowNear="0.1" shadowFlags="0" specular="false" texture="" onTime="18.0" offTime="6.0" isDynamic="true" isHarmonic="false" LightShaftOn="false" isBaked="false"  />
	<Light name="CL_Omni021" type="Spot" colorR="0.675294" colorG="0.623137" colorB="0.592941" decayRadius="5.0" decayPower="0.0" decayType="2" transform="0.422618 -0.906308 0.0 0.0 0.906308 0.422618 0.0 0.0 0.0 0.0 1.0 0.0 435.306 597.94 29.377 1.0" fovInner="0.174533" fovOuter="0.785398" shadowNear="0.1" shadowFlags="0" specular="false" texture="" onTime="18.0" offTime="6.0" isDynamic="true" isHarmonic="false" LightShaftOn="false" isBaked="false"  />
	<Light name="CL_Omni026" type="Omni" colorR="0.289412" colorG="0.228235" colorB="0.195294" decayRadius="5.0" decayPower="0.0" decayType="2" transform="0.422618 -0.906308 0.0 0.0 0.906308 0.422618 0.0 0.0 0.0 0.0 1.0 0.0 436.179 597.037 27.9771 1.0" shadowFlags="0" specular="false" texture="" onTime="18.0" offTime="6.0" isDynamic="true" isHarmonic="false" LightShaftOn="false" isBaked="false"  />
	<Light name="CL_Omni040" type="Omni" colorR="0.192941" colorG="0.152157" colorB="0.130196" decayRadius="5.0" decayPower="0.0" decayType="1" transform="0.422618 -0.906308 0.0 0.0 0.906308 0.422618 0.0 0.0 0.0 0.0 1.0 0.0 436.062 610.071 32.333 1.0" shadowFlags="0" specular="false" texture="" onTime="18.0" offTime="6.0" isDynamic="true" isHarmonic="false" LightShaftOn="false" isBaked="false"  />
</LightGroup>
