<?xml version="1.0" encoding="utf-8"?>
<!-- Created by LightDumper -->

<LightGroup name="Hotswap">
	<Light name="CUSTOM_PierSconce_119452" type="Omni" colorR="0.6" colorG="0.484706" colorB="0.336471" decayRadius="7.0" decayPower="1.0" decayType="2" transform="-0.973428 -0.228992 0.0 0.0 0.228992 -0.973428 0.0 0.0 0.0 0.0 1.0 0.0 -290.743 -154.566 15.1916 1.0" shadowFlags="0" specular="false" texture="" onTime="18.0" offTime="6.0" isDynamic="true" isHarmonic="false" LightShaftOn="false" isBaked="false"  />
	<Light name="NIS_OMNI01" type="Omni" colorR="0.674118" colorG="0.716471" colorB="0.861176" decayRadius="3.0" decayPower="2.0" decayType="2" transform="-0.642788 -0.766044 0.0 0.0 0.766044 -0.642788 0.0 0.0 0.0 0.0 1.0 0.0 -295.276 -173.14 15.3573 1.0" shadowFlags="0" specular="true" texture="" onTime="0.0" offTime="24.0" isDynamic="true" isHarmonic="false" LightShaftOn="false" isBaked="false"  />
	<Light name="NIS_SPOT004" type="Spot" colorR="0.5" colorG="0.413726" colorB="0.313726" decayRadius="7.0" decayPower="0.0" decayType="0" transform="0.437364 -0.472301 0.765273 0.0 0.732418 0.680852 0.00161243 0.0 -0.521799 0.559794 0.643701 0.0 -297.049 -169.356 15.3724 1.0" fovInner="0.349066" fovOuter="0.436332" shadowNear="0.1" shadowFlags="0" specular="true" texture="" onTime="0.0" offTime="24.0" isDynamic="false" isHarmonic="false" LightShaftOn="false" isBaked="false"  />
	<Light name="NIS_SPOT003" type="Spot" colorR="0.210196" colorG="0.241569" colorB="0.4" decayRadius="15.0" decayPower="0.0" decayType="0" transform="-0.0100526 -0.01139 -0.999886 0.0 0.59407 0.804271 -0.0151345 0.0 0.804351 -0.594154 -0.00131944 0.0 -295.286 -215.514 14.1489 1.0" fovInner="0.0872665" fovOuter="0.436332" shadowNear="0.1" shadowFlags="0" specular="true" texture="" onTime="0.0" offTime="24.0" isDynamic="false" isHarmonic="false" LightShaftOn="false" isBaked="false"  />
	<Light name="NIS_SPOT002" type="Spot" colorR="1.0" colorG="0.827451" colorB="0.627451" decayRadius="30.0" decayPower="1.0" decayType="0" transform="-0.246554 -0.11003 0.962862 0.0 0.654175 -0.751931 0.0815846 0.0 0.715029 0.649995 0.257371 0.0 -293.724 -206.022 15.7805 1.0" fovInner="0.261799" fovOuter="0.349066" shadowNear="0.1" shadowFlags="1" specular="true" texture="" onTime="0.0" offTime="24.0" isDynamic="false" isHarmonic="false" LightShaftOn="false" isBaked="false"  />
	<Light name="NIS_SPOT01" type="Spot" colorR="0.4" colorG="0.378039" colorB="0.368627" decayRadius="20.0" decayPower="0.0" decayType="0" transform="0.531253 -0.291252 0.795576 0.0 0.48073 0.876868 1.86265e-007 0.0 -0.697617 0.382458 0.605853 0.0 -309.38 -204.358 23.5686 1.0" fovInner="0.0872665" fovOuter="0.523599" shadowNear="0.1" shadowFlags="0" specular="true" texture="" onTime="0.0" offTime="24.0" isDynamic="false" isHarmonic="false" LightShaftOn="false" isBaked="false"  />
</LightGroup>
