<?xml version="1.0" encoding="utf-8"?>
<!-- Created by LightDumper -->

<LightGroup name="Hotswap">
	<Light name="NIS_FILL_B" type="Spot" colorR="0.8" colorG="0.671373" colorB="0.614902" decayRadius="5.0" decayPower="0.0" decayType="0" transform="0.163428 -0.882375 -0.441255 0.0 0.778212 -0.159602 0.607381 0.0 -0.606363 -0.442653 0.660591 0.0 896.625 -216.69 20.1118 1.0" fovInner="0.0" fovOuter="0.593412" shadowNear="0.1" shadowFlags="0" specular="true" texture="" onTime="0.0" offTime="24.0" isDynamic="false" isHarmonic="false" LightShaftOn="false" isBaked="false"  />
	<Light name="NIS_FILL" type="Spot" colorR="0.488627" colorG="0.661569" colorB="0.7" decayRadius="8.3" decayPower="0.0" decayType="0" transform="-0.0467422 -0.360487 0.931592 0.0 0.977321 -0.209339 -0.0319687 0.0 0.206543 0.90897 0.362096 0.0 894.267 -211.861 18.5614 1.0" fovInner="0.0" fovOuter="1.0472" shadowNear="0.1" shadowFlags="1" specular="true" texture="" onTime="0.0" offTime="24.0" isDynamic="false" isHarmonic="false" LightShaftOn="false" isBaked="false"  />
	<Light name="NIS_RIM" type="Spot" colorR="0.866667" colorG="0.976471" colorB="0.882353" decayRadius="8.0" decayPower="0.0" decayType="0" transform="-0.698098 0.637444 0.326073 0.0 -0.173193 -0.592219 0.786944 0.0 0.694739 0.49289 0.523829 0.0 903.667 -220.728 24.939 1.0" fovInner="0.785398" fovOuter="1.0472" shadowNear="0.1" shadowFlags="0" specular="true" texture="" onTime="0.0" offTime="24.0" isDynamic="false" isHarmonic="false" LightShaftOn="false" isBaked="false"  />
	<Light name="NIS_KEY" type="Spot" colorR="0.7" colorG="0.587451" colorB="0.538039" decayRadius="15.0" decayPower="0.0" decayType="0" transform="0.865001 -0.482525 -0.137634 0.0 0.369656 0.427324 0.825076 0.0 -0.339304 -0.764569 0.548004 0.0 889.41 -225.317 24.0992 1.0" fovInner="0.0" fovOuter="0.785398" shadowNear="0.1" shadowFlags="0" specular="true" texture="" onTime="0.0" offTime="24.0" isDynamic="false" isHarmonic="false" LightShaftOn="false" isBaked="false"  />
</LightGroup>
