<?xml version="1.0" encoding="utf-8"?>
<!-- Created by LightDumper -->

<LightGroup name="Hotswap">
	<Light name="YEL_RIM01" type="Spot" colorR="0.496078" colorG="0.494118" colorB="0.311765" decayRadius="3.0" decayPower="0.0" decayType="0" transform="0.637038 -0.770833 0.0 0.0 0.0134527 0.0111177 -0.999847 0.0 0.770717 0.636941 0.0174522 0.0 1740.05 1772.44 38.6886 1.0" fovInner="0.349066" fovOuter="0.436332" shadowNear="0.1" shadowFlags="0" specular="true" texture="" onTime="0.0" offTime="24.0" isDynamic="false" isHarmonic="false" LightShaftOn="false" isBaked="false"  />
	<Light name="BLU_MASTER01" type="Spot" colorR="0.461177" colorG="0.52" colorB="0.597647" decayRadius="2.0" decayPower="2.0" decayType="0" transform="-0.872311 -0.48895 -3.27826e-007 0.0 0.127206 -0.226941 -0.965565 0.0 0.472113 -0.842274 0.260161 0.0 1738.56 1770.2 38.4402 1.0" fovInner="0.00872665" fovOuter="0.436332" shadowNear="0.1" shadowFlags="0" specular="true" texture="" onTime="0.0" offTime="24.0" isDynamic="false" isHarmonic="false" LightShaftOn="false" isBaked="false"  />
	<Light name="BLU_Wei_001" type="Spot" colorR="0.289412" colorG="0.444706" colorB="0.590588" decayRadius="2.0" decayPower="2.0" decayType="0" transform="-0.864938 0.501878 -3.20375e-007 0.0 -0.130569 -0.225024 -0.965565 0.0 -0.484596 -0.835155 0.260161 0.0 1736.22 1769.97 39.0996 1.0" fovInner="0.00872665" fovOuter="0.523599" shadowNear="0.1" shadowFlags="0" specular="true" texture="" onTime="0.0" offTime="24.0" isDynamic="false" isHarmonic="false" LightShaftOn="false" isBaked="false"  />
	<Light name="YEL_RIM002" type="Spot" colorR="0.595294" colorG="0.592941" colorB="0.374118" decayRadius="3.0" decayPower="0.0" decayType="0" transform="0.637038 -0.770833 0.0 0.0 0.0134527 0.0111177 -0.999847 0.0 0.770717 0.636941 0.0174522 0.0 1741.58 1772.08 38.6886 1.0" fovInner="0.436332" fovOuter="0.523599" shadowNear="0.1" shadowFlags="0" specular="true" texture="" onTime="0.0" offTime="24.0" isDynamic="false" isHarmonic="false" LightShaftOn="false" isBaked="false"  />
</LightGroup>
