<?xml version="1.0" encoding="utf-8"?>
<!-- Created by LightDumper -->

<LightGroup name="Hotswap">
	<Light name="NIS_KEY001" type="Spot" colorR="0.228235" colorG="0.171765" colorB="0.108235" decayRadius="10.0" decayPower="0.0" decayType="0" transform="0.711636 -0.682652 0.166006 0.0 0.0684461 0.302536 0.950677 0.0 -0.699206 -0.665177 0.262019 0.0 -382.621 -536.853 2.83628 1.0" fovInner="0.0" fovOuter="0.610865" shadowNear="0.1" shadowFlags="0" specular="true" texture="" onTime="18.0" offTime="6.0" isDynamic="false" isHarmonic="false" LightShaftOn="false" isBaked="false"  />
	<Light name="NIS_FILL" type="Spot" colorR="0.323137" colorG="0.33098" colorB="0.4" decayRadius="8.0" decayPower="0.0" decayType="0" transform="0.150148 0.872833 -0.464342 0.0 -0.194669 -0.434372 -0.879445 0.0 -0.969309 0.22244 0.104694 0.0 -390.053 -530.295 2.27136 1.0" fovInner="0.0" fovOuter="0.698132" shadowNear="0.1" shadowFlags="0" specular="true" texture="" onTime="18.0" offTime="6.0" isDynamic="false" isHarmonic="false" LightShaftOn="false" isBaked="false"  />
	<Light name="NIS_RIM" type="Spot" colorR="0.7" colorG="0.477647" colorB="0.299216" decayRadius="10.0" decayPower="0.0" decayType="0" transform="-0.665067 0.720114 0.197801 0.0 -0.663084 -0.447592 -0.599986 0.0 -0.343522 -0.530185 0.775172 0.0 -389.821 -534.879 6.3561 1.0" fovInner="0.523599" fovOuter="0.959931" shadowNear="0.1" shadowFlags="1" specular="true" texture="" onTime="18.0" offTime="6.0" isDynamic="false" isHarmonic="false" LightShaftOn="false" isBaked="false"  />
	<Light name="NIS_KEY" type="Spot" colorR="0.380392" colorG="0.311765" colorB="0.237255" decayRadius="10.0" decayPower="0.0" decayType="0" transform="-0.0862028 0.995552 0.0379882 0.0 -0.167819 -0.0520958 0.984441 0.0 0.982042 0.0784875 0.171563 0.0 -384.101 -530.949 2.42749 1.0" fovInner="0.0" fovOuter="0.610865" shadowNear="0.1" shadowFlags="0" specular="true" texture="" onTime="18.0" offTime="6.0" isDynamic="false" isHarmonic="false" LightShaftOn="false" isBaked="false"  />
</LightGroup>
