<?xml version="1.0" encoding="utf-8"?>
<!-- Created by LightDumper -->

<LightGroup name="Hotswap">
	<Light name="Outro_Spot01" type="Spot" colorR="0.7" colorG="0.7" colorB="0.7" decayRadius="8.0" decayPower="0.0" decayType="0" transform="-0.118934 0.171844 -0.977919 0.0 -0.82227 -0.569097 0.0 0.0 -0.556531 0.804113 0.208988 0.0 -377.196 1060.58 13.3863 1.0" fovInner="0.0" fovOuter="0.698132" shadowNear="0.1" shadowFlags="0" specular="true" texture="" onTime="18.0" offTime="6.0" isDynamic="false" isHarmonic="false" LightShaftOn="false" isBaked="false"  />
	<Light name="Outro_Spot002" type="Spot" colorR="0.4" colorG="0.4" colorB="0.4" decayRadius="8.0" decayPower="0.0" decayType="0" transform="0.107075 -0.155495 -0.982017 0.0 0.782251 0.622822 -0.0133258 0.0 0.613693 -0.766756 0.188325 0.0 -372.76 1053.85 13.4425 1.0" fovInner="0.0" fovOuter="0.698132" shadowNear="0.1" shadowFlags="0" specular="true" texture="" onTime="18.0" offTime="6.0" isDynamic="false" isHarmonic="false" LightShaftOn="false" isBaked="false"  />
	<Light name="Outro_Spot003" type="Spot" colorR="0.7" colorG="0.7" colorB="0.7" decayRadius="5.0" decayPower="0.0" decayType="0" transform="-0.118935 0.171845 -0.977919 0.0 -0.360227 0.910335 0.203779 0.0 0.925252 0.376509 -0.046367 0.0 -371.951 1061.05 12.6843 1.0" fovInner="0.0" fovOuter="0.698132" shadowNear="0.1" shadowFlags="0" specular="true" texture="" onTime="18.0" offTime="6.0" isDynamic="false" isHarmonic="false" LightShaftOn="false" isBaked="false"  />
	<Light name="Outro_Spot004" type="Spot" colorR="0.393569" colorG="0.52" colorB="0.515922" decayRadius="5.0" decayPower="0.0" decayType="0" transform="-0.118934 0.171845 -0.977919 0.0 -0.204874 -0.967962 -0.145178 0.0 -0.971536 0.183083 0.150331 0.0 -376.679 1060.59 12.6843 1.0" fovInner="0.0" fovOuter="0.698132" shadowNear="0.1" shadowFlags="0" specular="true" texture="" onTime="18.0" offTime="6.0" isDynamic="false" isHarmonic="false" LightShaftOn="false" isBaked="false"  />
</LightGroup>
