<?xml version="1.0" encoding="utf-8"?>
<!-- Created by LightDumper -->

<LightGroup name="Hotswap">
	<Light name="NIS_ENV_TV" type="Omni" colorR="0.555294" colorG="0.6" colorB="0.6" decayRadius="2.0" decayPower="0.0" decayType="0" transform="1.0 0.0 0.0 0.0 0.0 1.0 0.0 0.0 0.0 0.0 1.0 0.0 912.941 81.9194 30.4104 1.0" shadowFlags="0" specular="true" texture="" onTime="0.0" offTime="24.0" isDynamic="false" isHarmonic="false" LightShaftOn="false" isBaked="false"  />
	<Light name="NIS_TANK" type="Spot" colorR="0.552941" colorG="1.63529" colorB="2.47059" decayRadius="20.0" decayPower="2.0" decayType="0" transform="0.0338439 0.00472034 -0.999417 0.0 -0.571085 0.820745 -0.0154626 0.0 0.820192 0.571275 0.0304731 0.0 921.256 81.7845 31.0998 1.0" fovInner="0.0" fovOuter="0.610865" shadowNear="0.1" shadowFlags="0" specular="false" texture="" onTime="0.0" offTime="24.0" isDynamic="false" isHarmonic="false" LightShaftOn="false" isBaked="false"  />
	<Light name="NIS_AMB_RED" type="Spot" colorR="0.8" colorG="0.505098" colorB="0.527059" decayRadius="8.0" decayPower="0.0" decayType="0" transform="-0.00182509 0.0435813 0.999048 0.0 -0.22052 -0.974474 0.0421064 0.0 0.975382 -0.220233 0.011389 0.0 909.432 75.7344 30.306 1.0" fovInner="0.698132" fovOuter="0.785398" shadowNear="0.1" shadowFlags="0" specular="true" texture="" onTime="0.0" offTime="24.0" isDynamic="false" isHarmonic="false" LightShaftOn="false" isBaked="false"  />
	<Light name="NIS_ENV_LAMP" type="Spot" colorR="1.0" colorG="1.0" colorB="0.866667" decayRadius="8.0" decayPower="2.0" decayType="0" transform="0.496359 -0.558208 0.664855 0.0 0.747293 0.664494 2.16067e-007 0.0 -0.441792 0.496841 0.746972 0.0 912.881 81.9843 30.6968 1.0" fovInner="0.261799" fovOuter="0.698132" shadowNear="0.1" shadowFlags="0" specular="true" texture="" onTime="0.0" offTime="24.0" isDynamic="false" isHarmonic="false" LightShaftOn="false" isBaked="false"  />
	<Light name="NIS_TV" type="Spot" colorR="1.0" colorG="0.933333" colorB="0.94902" decayRadius="7.3" decayPower="0.0" decayType="0" transform="0.0327691 0.0287896 0.999048 0.0 -0.998037 -0.0524747 0.0342481 0.0 0.0534109 -0.998209 0.0270135 0.0 915.906 73.9803 29.7847 1.0" fovInner="0.698132" fovOuter="0.785398" shadowNear="0.1" shadowFlags="0" specular="true" texture="" onTime="0.0" offTime="24.0" isDynamic="false" isHarmonic="false" LightShaftOn="false" isBaked="false"  />
	<Light name="NIS_ENV_LAMP001" type="Spot" colorR="0.550588" colorG="0.6" colorB="0.6" decayRadius="5.0" decayPower="0.0" decayType="0" transform="-0.0976036 0.041782 0.994348 0.0 0.393537 0.919308 0.0 0.0 -0.914113 0.391312 -0.106171 0.0 911.502 76.082 30.9947 1.0" fovInner="0.523599" fovOuter="0.785398" shadowNear="0.1" shadowFlags="0" specular="true" texture="" onTime="0.0" offTime="24.0" isDynamic="false" isHarmonic="false" LightShaftOn="false" isBaked="false"  />
	<Light name="Office_Fill002" type="Omni" colorR="0.144706" colorG="0.0658824" colorB="0.0841177" decayRadius="8.0" decayPower="0.0" decayType="0" transform="1.0 0.0 0.0 0.0 0.0 1.0 0.0 0.0 0.0 0.0 1.0 0.0 914.841 81.2591 29.7006 1.0" shadowFlags="0" specular="false" texture="" onTime="0.0" offTime="24.0" isDynamic="false" isHarmonic="false" LightShaftOn="false" isBaked="false"  />
	<Light name="Office_Fill003" type="Omni" colorR="0.144706" colorG="0.0658824" colorB="0.0841177" decayRadius="8.0" decayPower="0.0" decayType="0" transform="1.0 0.0 0.0 0.0 0.0 1.0 0.0 0.0 0.0 0.0 1.0 0.0 916.208 76.2091 29.7006 1.0" shadowFlags="0" specular="false" texture="" onTime="0.0" offTime="24.0" isDynamic="false" isHarmonic="false" LightShaftOn="false" isBaked="false"  />
</LightGroup>
