<?xml version="1.0" encoding="utf-8"?>
<!-- Created by LightDumper -->

<LightGroup name="Hotswap">
	<Light name="Fspot001" type="Spot" colorR="0.45" colorG="0.423529" colorB="0.375882" decayRadius="5.0" decayPower="0.0" decayType="0" transform="1.0 0.0 0.0 0.0 0.0 0.827383 0.561639 0.0 0.0 -0.561639 0.827383 0.0 871.964 -97.5646 29.3725 1.0" fovInner="0.0" fovOuter="0.698132" shadowNear="0.1" shadowFlags="1" specular="true" texture="" onTime="0.0" offTime="24.0" isDynamic="false" isHarmonic="false" LightShaftOn="false" isBaked="false"  />
	<Light name="Fspot002" type="Spot" colorR="0.6" colorG="0.564706" colorB="0.501177" decayRadius="4.3" decayPower="0.0" decayType="0" transform="0.249126 -0.0724657 -0.965756 0.0 0.554876 0.827979 0.081008 0.0 0.793756 -0.556056 0.246481 0.0 875.151 -97.4975 27.6489 1.0" fovInner="0.0" fovOuter="1.0472" shadowNear="0.1" shadowFlags="0" specular="true" texture="" onTime="0.0" offTime="24.0" isDynamic="false" isHarmonic="false" LightShaftOn="false" isBaked="false"  />
	<Light name="Fspot003" type="Spot" colorR="0.459412" colorG="0.502549" colorB="0.55" decayRadius="3.0" decayPower="0.0" decayType="0" transform="-0.248528 -0.0744926 -0.965756 0.0 -0.0160787 -0.996583 0.0810081 0.0 -0.968491 0.0356608 0.246481 0.0 870.49 -95.8168 27.6489 1.0" fovInner="0.0" fovOuter="0.698132" shadowNear="0.1" shadowFlags="0" specular="true" texture="" onTime="0.0" offTime="24.0" isDynamic="false" isHarmonic="false" LightShaftOn="false" isBaked="false"  />
	<Light name="Fspot004" type="Spot" colorR="0.751765" colorG="0.822353" colorB="0.9" decayRadius="3.0" decayPower="0.0" decayType="0" transform="0.146592 -0.0166806 -0.989056 0.0 -0.568802 -0.819448 -0.0704846 0.0 -0.809305 0.57291 -0.129613 0.0 870.49 -94.1023 26.9177 1.0" fovInner="0.0" fovOuter="0.349066" shadowNear="0.1" shadowFlags="0" specular="true" texture="" onTime="0.0" offTime="24.0" isDynamic="false" isHarmonic="false" LightShaftOn="false" isBaked="false"  />
	<Light name="Fspot005" type="Spot" colorR="0.501177" colorG="0.548235" colorB="0.6" decayRadius="3.0" decayPower="0.0" decayType="0" transform="-0.238923 0.101149 -0.965756 0.0 -0.648043 -0.757283 0.0810078 0.0 -0.723157 0.645206 0.246481 0.0 870.94 -92.9235 27.6489 1.0" fovInner="0.0" fovOuter="0.698132" shadowNear="0.1" shadowFlags="0" specular="true" texture="" onTime="0.0" offTime="24.0" isDynamic="false" isHarmonic="false" LightShaftOn="false" isBaked="false"  />
	<Light name="Fspot006" type="Spot" colorR="1.0" colorG="1.0" colorB="1.0" decayRadius="2.0" decayPower="0.0" decayType="0" transform="-0.0583684 0.348625 -0.935443 0.0 0.993763 -0.0688956 -0.0876837 0.0 -0.0950166 -0.934727 -0.342429 0.0 871.415 -98.2029 26.4155 1.0" fovInner="0.0" fovOuter="0.261799" shadowNear="0.1" shadowFlags="0" specular="true" texture="" onTime="0.0" offTime="24.0" isDynamic="false" isHarmonic="false" LightShaftOn="false" isBaked="false"  />
</LightGroup>
