<?xml version="1.0" encoding="utf-8"?>
<!-- Created by LightDumper -->

<LightGroup name="Hotswap">
	<Light name="NIS_KEY" type="Spot" colorR="0.8" colorG="0.8" colorB="0.768628" decayRadius="15.0" decayPower="0.0" decayType="0" transform="0.63062 -0.776092 0.0 0.0 -1.26441e-007 0.0 1.0 0.0 -0.776092 -0.63062 -1.62921e-007 0.0 940.48 -248.008 16.7787 1.0" fovInner="0.602575" fovOuter="1.16073" shadowNear="0.1" shadowFlags="1" specular="true" texture="" onTime="18.0" offTime="6.0" isDynamic="false" isHarmonic="false" LightShaftOn="false" isBaked="false"  />
	<Light name="NIS_RIM" type="Spot" colorR="0.6" colorG="0.442353" colorB="0.237647" decayRadius="20.0" decayPower="0.0" decayType="0" transform="0.239174 -0.374737 -0.89575 0.0 0.842943 0.538003 2.08616e-007 0.0 0.481916 -0.755066 0.444557 0.0 952.4 -248.07 20.7318 1.0" fovInner="0.610865" fovOuter="0.872665" shadowNear="0.1" shadowFlags="0" specular="true" texture="" onTime="18.0" offTime="6.0" isDynamic="false" isHarmonic="false" LightShaftOn="false" isBaked="false"  />
	<Light name="NIS_FILL" type="Spot" colorR="0.0" colorG="0.823529" colorB="1.0" decayRadius="8.0" decayPower="0.0" decayType="0" transform="1.0 0.0 0.0 0.0 0.0 1.0 0.0 0.0 0.0 0.0 1.0 0.0 952.18 -271.464 16.7787 1.0" fovInner="0.375246" fovOuter="0.392699" shadowNear="0.1" shadowFlags="0" specular="true" texture="" onTime="18.0" offTime="6.0" isDynamic="false" isHarmonic="false" LightShaftOn="false" isBaked="false"  />
	<Light name="NIS_Dashboard" type="Omni" colorR="0.409804" colorG="0.5" colorB="0.5" decayRadius="1.0" decayPower="0.0" decayType="0" transform="0.814115 -0.580703 -1.49012e-007 0.0 -0.224907 -0.315308 -0.921953 0.0 0.535381 0.750576 -0.387301 0.0 946.946 -316.49 17.0156 1.0" shadowFlags="0" specular="true" texture="" onTime="18.0" offTime="6.0" isDynamic="false" isHarmonic="false" LightShaftOn="false" isBaked="false"  />
</LightGroup>
