<?xml version="1.0" encoding="utf-8"?>
<!-- Created by LightDumper -->

<LightGroup name="Hotswap">
	<Light name="NIS_KEY" type="Spot" colorR="0.8" colorG="0.8" colorB="0.768628" decayRadius="30.0" decayPower="0.0" decayType="0" transform="0.697755 -0.716336 0.0 0.0 0.142593 0.138894 0.979988 0.0 -0.702001 -0.683791 0.199058 0.0 836.522 15.5491 28.7039 1.0" fovInner="0.602575" fovOuter="1.16073" shadowNear="0.1" shadowFlags="1" specular="true" texture="" onTime="18.0" offTime="6.0" isDynamic="false" isHarmonic="false" LightShaftOn="false" isBaked="false"  />
	<Light name="NIS_RIM" type="Spot" colorR="0.8" colorG="0.746667" colorB="0.545882" decayRadius="50.0" decayPower="0.0" decayType="0" transform="0.538014 0.115193 -0.835029 0.0 -0.526244 0.819757 -0.225976 0.0 0.658489 0.561007 0.50166 0.0 852.739 61.4164 61.0594 1.0" fovInner="0.610865" fovOuter="0.872665" shadowNear="0.1" shadowFlags="1" specular="true" texture="" onTime="18.0" offTime="6.0" isDynamic="false" isHarmonic="false" LightShaftOn="false" isBaked="false"  />
	<Light name="NIS_FILL" type="Spot" colorR="1.0" colorG="0.717647" colorB="0.309804" decayRadius="35.0" decayPower="0.0" decayType="0" transform="-0.733749 -0.676937 -0.0580501 0.0 -0.112948 0.205785 -0.972057 0.0 0.669967 -0.706689 -0.227453 0.0 887.679 -7.72039 29.5524 1.0" fovInner="0.0" fovOuter="0.698132" shadowNear="0.1" shadowFlags="1" specular="true" texture="" onTime="18.0" offTime="6.0" isDynamic="false" isHarmonic="false" LightShaftOn="false" isBaked="false"  />
	<Light name="NIS_Dashboard" type="Omni" colorR="0.307451" colorG="0.678039" colorB="0.7" decayRadius="0.8" decayPower="0.0" decayType="0" transform="0.814115 -0.580703 -4.61936e-007 0.0 -0.224907 -0.315308 -0.921954 0.0 0.535382 0.750576 -0.387301 0.0 870.076 4.61851 25.2428 1.0" shadowFlags="0" specular="true" texture="" onTime="18.0" offTime="6.0" isDynamic="false" isHarmonic="false" LightShaftOn="false" isBaked="false"  />
</LightGroup>
