<?xml version="1.0" encoding="utf-8"?>
<!-- Created by LightDumper -->

<LightGroup name="Hotswap">
	<Light name="Lightning_NIS" type="Spot" colorR="1.8075" colorG="1.98039" colorB="2.00396" decayRadius="3.0" decayPower="0.0" decayType="0" transform="-0.979223 -0.202788 0.0 0.0 -0.0524853 0.253441 0.965925 0.0 -0.195878 0.945857 -0.258818 0.0 -93.4669 1764.14 75.4171 1.0" fovInner="0.436332" fovOuter="0.479966" shadowNear="0.1" shadowFlags="0" specular="true" texture="" onTime="0.0" offTime="24.0" isDynamic="false" isHarmonic="false" LightShaftOn="false" isBaked="false"  />
	<Light name="FILLfromWALL" type="Omni" colorR="0.181176" colorG="0.251059" colorB="0.33" decayRadius="2.5" decayPower="0.0" decayType="0" transform="1.0 0.0 0.0 0.0 0.0 1.0 0.0 0.0 0.0 0.0 1.0 0.0 -93.1086 1760.99 76.4004 1.0" shadowFlags="0" specular="true" texture="" onTime="0.0" offTime="24.0" isDynamic="false" isHarmonic="false" LightShaftOn="false" isBaked="false"  />
	<Light name="Tong_back_Fill003" type="Omni" colorR="0.7" colorG="0.675294" colorB="0.576471" decayRadius="2.0" decayPower="0.0" decayType="1" transform="1.0 0.0 0.0 0.0 0.0 1.0 0.0 0.0 0.0 0.0 1.0 0.0 -91.6954 1753.5 77.0362 1.0" shadowFlags="0" specular="true" texture="" onTime="0.0" offTime="24.0" isDynamic="true" isHarmonic="false" LightShaftOn="false" isBaked="false"  />
	<Light name="Briefcase_fill_Spot" type="Spot" colorR="0.22" colorG="0.22" colorB="0.22" decayRadius="3.0" decayPower="2.0" decayType="2" transform="-0.303537 -0.952819 -1.19209e-006 0.0 0.500623 -0.159484 0.850846 0.0 -0.810703 0.258263 0.525413 0.0 -92.3048 1760.44 76.9133 1.0" fovInner="0.00872665" fovOuter="0.218166" shadowNear="0.1" shadowFlags="0" specular="true" texture="" onTime="0.0" offTime="24.0" isDynamic="true" isHarmonic="false" LightShaftOn="false" isBaked="false"  />
	<Light name="Dude_Fill02" type="Omni" colorR="0.55" colorG="0.530588" colorB="0.452941" decayRadius="2.5" decayPower="2.0" decayType="1" transform="1.0 0.0 0.0 0.0 0.0 1.0 0.0 0.0 0.0 0.0 1.0 0.0 -89.6554 1761.68 76.7992 1.0" shadowFlags="0" specular="true" texture="" onTime="0.0" offTime="24.0" isDynamic="true" isHarmonic="false" LightShaftOn="false" isBaked="false"  />
	<Light name="SKylight_Spot" type="Spot" colorR="0.384314" colorG="0.532549" colorB="0.7" decayRadius="15.0" decayPower="0.0" decayType="1" transform="-0.999663 -0.00222885 -0.0258293 0.0 -0.00836397 -0.915298 0.402691 0.0 -0.024539 0.402772 0.914972 0.0 -90.1385 1763.51 83.6761 1.0" fovInner="0.610865" fovOuter="0.724312" shadowNear="0.1" shadowFlags="1" specular="true" texture="GOB_Penthouse_NIS" onTime="0.0" offTime="24.0" isDynamic="true" isHarmonic="false" LightShaftOn="false" isBaked="false"  />
	<Light name="Lightning_Fill" type="Omni" colorR="0.0" colorG="0.0" colorB="0.0" decayRadius="8.0" decayPower="0.0" decayType="0" transform="1.0 0.0 0.0 0.0 0.0 1.0 0.0 0.0 0.0 0.0 1.0 0.0 -86.9137 1764.4 76.4994 1.0" shadowFlags="0" specular="false" texture="" onTime="0.0" offTime="24.0" isDynamic="false" isHarmonic="false" LightShaftOn="false" isBaked="false"  />
	<Light name="TONG_SPOT" type="Spot" colorR="0.374118" colorG="0.470588" colorB="0.6" decayRadius="2.0" decayPower="2.0" decayType="0" transform="0.959663 0.281152 0.0 0.0 -0.125776 0.429314 0.894354 0.0 0.251449 -0.858279 0.447359 0.0 -92.2787 1760.66 77.5526 1.0" fovInner="0.261799" fovOuter="0.392699" shadowNear="0.1" shadowFlags="0" specular="true" texture="" onTime="18.0" offTime="6.0" isDynamic="false" isHarmonic="false" LightShaftOn="false" isBaked="false"  />
</LightGroup>
