<?xml version="1.0" encoding="utf-8"?>
<!-- Created by LightDumper -->

<LightGroup name="Hotswap">
	<Light name="Office_Fill003" type="Omni" colorR="0.144706" colorG="0.0658824" colorB="0.0841177" decayRadius="8.0" decayPower="0.0" decayType="0" transform="1.0 0.0 0.0 0.0 0.0 1.0 0.0 0.0 0.0 0.0 1.0 0.0 916.208 76.2091 29.7006 1.0" shadowFlags="0" specular="false" texture="" onTime="0.0" offTime="24.0" isDynamic="false" isHarmonic="false" LightShaftOn="false" isBaked="false"  />
	<Light name="NIS_ENV_LAMP001" type="Spot" colorR="0.550588" colorG="0.6" colorB="0.6" decayRadius="5.0" decayPower="0.0" decayType="0" transform="0.273509 0.041909 0.960955 0.0 -0.00415392 0.999092 -0.04239 0.0 -0.96186 0.00760237 0.273435 0.0 910.747 77.2396 30.9947 1.0" fovInner="0.523599" fovOuter="0.785398" shadowNear="0.1" shadowFlags="0" specular="true" texture="" onTime="0.0" offTime="24.0" isDynamic="false" isHarmonic="false" LightShaftOn="false" isBaked="false"  />
	<Light name="NIS_TV" type="Spot" colorR="1.0" colorG="0.933333" colorB="0.94902" decayRadius="7.3" decayPower="0.0" decayType="0" transform="0.0327691 0.0287896 0.999048 0.0 -0.903789 0.427633 0.0173214 0.0 -0.426727 -0.903496 0.0400329 0.0 912.884 75.9725 29.7847 1.0" fovInner="0.610865" fovOuter="0.785398" shadowNear="0.1" shadowFlags="0" specular="true" texture="" onTime="0.0" offTime="24.0" isDynamic="false" isHarmonic="false" LightShaftOn="false" isBaked="false"  />
	<Light name="NIS_ENV_LAMP" type="Spot" colorR="1.0" colorG="1.0" colorB="0.866667" decayRadius="8.0" decayPower="2.0" decayType="0" transform="0.496359 -0.558208 0.664855 0.0 0.747293 0.664494 1.78814e-007 0.0 -0.441792 0.496841 0.746972 0.0 912.881 81.9843 30.6968 1.0" fovInner="0.261799" fovOuter="0.698132" shadowNear="0.1" shadowFlags="0" specular="true" texture="" onTime="0.0" offTime="24.0" isDynamic="false" isHarmonic="false" LightShaftOn="false" isBaked="false"  />
	<Light name="NIS_AMB_RED" type="Spot" colorR="0.8" colorG="0.505098" colorB="0.527059" decayRadius="8.0" decayPower="0.0" decayType="0" transform="-0.00182522 0.0435812 0.999048 0.0 0.265841 0.963124 -0.0415285 0.0 -0.964016 0.265512 -0.0133436 0.0 912.272 81.6863 30.306 1.0" fovInner="0.698132" fovOuter="0.785398" shadowNear="0.1" shadowFlags="0" specular="true" texture="" onTime="0.0" offTime="24.0" isDynamic="false" isHarmonic="false" LightShaftOn="false" isBaked="false"  />
	<Light name="NIS_TANK" type="Spot" colorR="0.552941" colorG="1.63529" colorB="2.47059" decayRadius="20.0" decayPower="2.0" decayType="0" transform="0.0460344 0.45988 -0.886787 0.0 -0.365934 0.833784 0.413397 0.0 0.929502 0.305475 0.206669 0.0 922.463 81.6352 31.5622 1.0" fovInner="0.0" fovOuter="0.610865" shadowNear="0.1" shadowFlags="0" specular="false" texture="" onTime="0.0" offTime="24.0" isDynamic="false" isHarmonic="false" LightShaftOn="false" isBaked="false"  />
	<Light name="NIS_ENV_TV" type="Omni" colorR="0.5" colorG="0.476471" colorB="0.431373" decayRadius="1.8" decayPower="0.0" decayType="0" transform="1.0 0.0 0.0 0.0 0.0 1.0 0.0 0.0 0.0 0.0 1.0 0.0 912.782 82.0314 29.5329 1.0" shadowFlags="0" specular="true" texture="" onTime="0.0" offTime="24.0" isDynamic="false" isHarmonic="false" LightShaftOn="false" isBaked="false"  />
</LightGroup>
