<?xml version="1.0" encoding="utf-8"?>
<!-- Created by LightDumper -->

<LightGroup name="Hotswap">
	<Light name="Fspot001" type="Spot" colorR="0.362353" colorG="0.536471" colorB="0.6" decayRadius="8.0" decayPower="0.0" decayType="0" transform="0.938529 -0.340043 -0.0594384 0.0 0.190227 0.653152 -0.732945 0.0 0.288054 0.676584 0.677687 0.0 902.763 81.9759 32.1989 1.0" fovInner="0.00872665" fovOuter="0.872665" shadowNear="0.1" shadowFlags="1" specular="true" texture="" onTime="0.0" offTime="24.0" isDynamic="false" isHarmonic="false" LightShaftOn="false" isBaked="false"  />
	<Light name="Fspot002" type="Spot" colorR="0.168235" colorG="0.168235" colorB="0.255294" decayRadius="8.0" decayPower="0.0" decayType="0" transform="-0.954156 0.299309 0.0 0.0 -0.164939 -0.525803 -0.834461 0.0 -0.249762 -0.796206 0.551066 0.0 900.856 77.0503 31.4604 1.0" fovInner="0.00872665" fovOuter="0.872665" shadowNear="0.1" shadowFlags="0" specular="true" texture="" onTime="0.0" offTime="24.0" isDynamic="false" isHarmonic="false" LightShaftOn="false" isBaked="false"  />
	<Light name="Fspot003" type="Spot" colorR="0.301961" colorG="0.447059" colorB="0.5" decayRadius="11.0" decayPower="0.0" decayType="0" transform="0.361291 -0.932454 0.0 0.0 0.513844 0.199096 -0.834462 0.0 0.778096 0.301483 0.551067 0.0 912.445 78.2117 31.4604 1.0" fovInner="0.00872665" fovOuter="0.872665" shadowNear="0.1" shadowFlags="0" specular="true" texture="" onTime="0.0" offTime="24.0" isDynamic="false" isHarmonic="false" LightShaftOn="false" isBaked="false"  />
	<Light name="Fspot004" type="Spot" colorR="0.168235" colorG="0.168235" colorB="0.255294" decayRadius="8.0" decayPower="0.0" decayType="0" transform="-0.954156 0.299309 0.0 0.0 -0.164939 -0.525803 -0.834461 0.0 -0.249762 -0.796206 0.551066 0.0 905.323 72.1414 31.4604 1.0" fovInner="0.00872665" fovOuter="0.872665" shadowNear="0.1" shadowFlags="0" specular="true" texture="" onTime="0.0" offTime="24.0" isDynamic="false" isHarmonic="false" LightShaftOn="false" isBaked="false"  />
</LightGroup>
