<?xml version="1.0" encoding="utf-8"?>
<!-- Created by LightDumper -->

<LightGroup name="Hotswap">
	<Light name="Spot03" type="Spot" colorR="0.6" colorG="0.6" colorB="0.6" decayRadius="22.0" decayPower="0.5" decayType="0" transform="0.665556 -0.746347 -1.49012e-007 0.0 0.521038 0.464636 0.715984 0.0 -0.534373 -0.476528 0.698116 0.0 -1878.66 -1677.28 10.2032 1.0" fovInner="0.785398" fovOuter="1.0472" shadowNear="0.1" shadowFlags="0" specular="true" texture="" onTime="0.0" offTime="24.0" isDynamic="false" isHarmonic="false" LightShaftOn="false" isBaked="false"  />
	<Light name="Omni001" type="Spot" colorR="1.0" colorG="1.0" colorB="1.0" decayRadius="8.0" decayPower="2.0" decayType="0" transform="0.275455 0.271982 0.922036 0.0 -0.537839 0.838578 -0.0866861 0.0 -0.796777 -0.47203 0.377273 0.0 -1872.73 -1663.71 2.41716 1.0" fovInner="0.0174533" fovOuter="1.0472" shadowNear="0.1" shadowFlags="0" specular="true" texture="" onTime="0.0" offTime="24.0" isDynamic="false" isHarmonic="false" LightShaftOn="false" isBaked="false"  />
	<Light name="Omni002" type="Spot" colorR="1.0" colorG="1.0" colorB="1.0" decayRadius="8.0" decayPower="1.0" decayType="0" transform="-0.296796 -0.126981 0.946461 0.0 0.468825 -0.882829 0.0285728 0.0 0.831934 0.452205 0.321552 0.0 -1866.16 -1660.75 2.41716 1.0" fovInner="0.0174533" fovOuter="1.0472" shadowNear="0.1" shadowFlags="0" specular="false" texture="" onTime="0.0" offTime="24.0" isDynamic="false" isHarmonic="false" LightShaftOn="false" isBaked="false"  />
</LightGroup>
