<?xml version="1.0" encoding="utf-8"?>
<!-- Created by LightDumper -->

<LightGroup name="Hotswap">
	<Light name="NIS_AMANDA_MID_05" type="Spot" colorR="0.543529" colorG="0.667059" colorB="0.653333" decayRadius="8.8" decayPower="0.0" decayType="0" transform="0.960133 0.0 -0.279545 0.0 0.0 1.0 0.0 0.0 0.279545 0.0 0.960133 0.0 902.625 -459.581 13.8695 1.0" fovInner="0.0" fovOuter="0.750492" shadowNear="0.1" shadowFlags="1" specular="false" texture="" onTime="0.0" offTime="24.0" isDynamic="false" isHarmonic="false" LightShaftOn="false" isBaked="false"  />
	<Light name="NIS_AMANDA_MID_06" type="Spot" colorR="0.388235" colorG="0.476471" colorB="0.466667" decayRadius="6.0" decayPower="1.0" decayType="2" transform="0.707107 0.0 -0.707107 0.0 0.0 1.0 0.0 0.0 0.707107 0.0 0.707107 0.0 896.884 -467.379 13.8371 1.0" fovInner="0.0872665" fovOuter="0.872665" shadowNear="0.1" shadowFlags="0" specular="true" texture="" onTime="0.0" offTime="24.0" isDynamic="true" isHarmonic="false" LightShaftOn="false" isBaked="false"  />
	<Light name="NIS_AMANDA_MID_09" type="Omni" colorR="0.155294" colorG="0.190588" colorB="0.186667" decayRadius="8.0" decayPower="1.0" decayType="2" transform="0.0 1.0 0.0 0.0 0.0 0.0 1.0 0.0 1.0 0.0 0.0 0.0 907.804 -465.374 12.2368 1.0" shadowFlags="0" specular="true" texture="" onTime="0.0" offTime="24.0" isDynamic="true" isHarmonic="false" LightShaftOn="false" isBaked="false"  />
	<Light name="NIS_AMANDA_MID_10" type="Omni" colorR="0.155294" colorG="0.190588" colorB="0.186667" decayRadius="8.0" decayPower="1.0" decayType="2" transform="0.0 1.0 0.0 0.0 0.0 0.0 1.0 0.0 1.0 0.0 0.0 0.0 897.937 -465.374 12.2368 1.0" shadowFlags="0" specular="true" texture="" onTime="0.0" offTime="24.0" isDynamic="true" isHarmonic="false" LightShaftOn="false" isBaked="false"  />
	<Light name="NIS_AMANDA_MID_013" type="Spot" colorR="0.5" colorG="0.486275" colorB="0.464706" decayRadius="7.0" decayPower="0.0" decayType="2" transform="0.284927 0.950639 -0.122885 0.0 -0.303664 0.211114 0.929095 0.0 0.909178 -0.227408 0.348827 0.0 903.151 -465.732 12.6942 1.0" fovInner="0.0" fovOuter="0.698132" shadowNear="0.1" shadowFlags="0" specular="true" texture="" onTime="0.0" offTime="24.0" isDynamic="true" isHarmonic="false" LightShaftOn="false" isBaked="false"  />
	<Light name="NIS_AMANDA_MID_014" type="Omni" colorR="0.155294" colorG="0.190588" colorB="0.186667" decayRadius="6.0" decayPower="1.0" decayType="2" transform="0.0 1.0 0.0 0.0 0.0 0.0 1.0 0.0 1.0 0.0 0.0 0.0 907.804 -457.119 12.2368 1.0" shadowFlags="0" specular="true" texture="" onTime="0.0" offTime="24.0" isDynamic="true" isHarmonic="false" LightShaftOn="false" isBaked="false"  />
	<Light name="NIS_AMANDA_MID_015" type="Omni" colorR="0.155294" colorG="0.190588" colorB="0.186667" decayRadius="6.0" decayPower="1.0" decayType="2" transform="0.0 1.0 0.0 0.0 0.0 0.0 1.0 0.0 1.0 0.0 0.0 0.0 897.937 -457.119 12.2368 1.0" shadowFlags="0" specular="true" texture="" onTime="0.0" offTime="24.0" isDynamic="true" isHarmonic="false" LightShaftOn="false" isBaked="false"  />
	<Light name="NIS_AMANDA_MID_016" type="Spot" colorR="0.5" colorG="0.486275" colorB="0.464706" decayRadius="6.0" decayPower="0.0" decayType="2" transform="-0.83071 0.542971 -0.122885 0.0 -0.288605 -0.231275 0.929096 0.0 0.476052 0.807275 0.348827 0.0 897.091 -462.905 12.6942 1.0" fovInner="0.0" fovOuter="0.785398" shadowNear="0.1" shadowFlags="0" specular="false" texture="" onTime="0.0" offTime="24.0" isDynamic="true" isHarmonic="false" LightShaftOn="false" isBaked="false"  />
	<Light name="NIS_AMANDA_MID_017" type="Spot" colorR="0.334118" colorG="0.4" colorB="0.368627" decayRadius="5.0" decayPower="0.0" decayType="2" transform="-0.344503 -0.930708 -0.122885 0.0 0.289698 -0.229904 0.929096 0.0 -0.892968 0.284477 0.348827 0.0 897.817 -464.197 12.6942 1.0" fovInner="0.0" fovOuter="0.872665" shadowNear="0.1" shadowFlags="0" specular="true" texture="" onTime="0.0" offTime="24.0" isDynamic="true" isHarmonic="false" LightShaftOn="false" isBaked="false"  />
	<Light name="NIS_AMANDA_MID_018" type="Spot" colorR="0.334118" colorG="0.4" colorB="0.368627" decayRadius="5.0" decayPower="0.0" decayType="2" transform="0.858743 -0.497452 -0.122885 0.0 0.275733 0.24648 0.929095 0.0 -0.431892 -0.831738 0.348827 0.0 895.535 -468.571 12.6942 1.0" fovInner="0.0" fovOuter="0.785398" shadowNear="0.1" shadowFlags="0" specular="true" texture="" onTime="0.0" offTime="24.0" isDynamic="true" isHarmonic="false" LightShaftOn="false" isBaked="false"  />
	<Light name="NIS_AMANDA_MID_019" type="Omni" colorR="0.232941" colorG="0.285882" colorB="0.28" decayRadius="6.0" decayPower="1.0" decayType="2" transform="0.0 1.0 0.0 0.0 0.0 0.0 1.0 0.0 1.0 0.0 0.0 0.0 904.33 -478.734 14.9757 1.0" shadowFlags="0" specular="true" texture="" onTime="0.0" offTime="24.0" isDynamic="true" isHarmonic="false" LightShaftOn="false" isBaked="false"  />
	<Light name="NIS_AMANDA_MID_020" type="Omni" colorR="0.310588" colorG="0.4" colorB="0.316863" decayRadius="2.0" decayPower="1.0" decayType="2" transform="-0.0438865 -0.998953 0.0129229 0.0 0.282465 2.2538e-007 0.959278 0.0 -0.958273 0.0457496 0.282169 0.0 893.621 -465.274 12.3007 1.0" shadowFlags="0" specular="true" texture="" onTime="0.0" offTime="24.0" isDynamic="true" isHarmonic="false" LightShaftOn="false" isBaked="false"  />
	<Light name="NIS_AMANDA_MID_021" type="Spot" colorR="0.524706" colorG="0.6" colorB="0.501177" decayRadius="1.8" decayPower="0.0" decayType="2" transform="-0.325779 0.938941 -0.110713 0.0 -0.295195 0.0102296 0.955382 0.0 0.89818 0.343925 0.273838 0.0 894.866 -465.982 11.777 1.0" fovInner="0.0" fovOuter="0.610865" shadowNear="0.1" shadowFlags="1" specular="false" texture="" onTime="0.0" offTime="24.0" isDynamic="true" isHarmonic="false" LightShaftOn="false" isBaked="false"  />
	<Light name="NIS_AMANDA_MID_022" type="Spot" colorR="0.45" colorG="0.407647" colorB="0.354706" decayRadius="1.0" decayPower="0.0" decayType="2" transform="-0.968123 -0.232065 0.0942494 0.0 0.182759 -0.397167 0.899365 0.0 -0.171278 0.887921 0.426918 0.0 895.341 -465.745 12.1264 1.0" fovInner="0.0" fovOuter="0.523599" shadowNear="0.1" shadowFlags="0" specular="true" texture="" onTime="0.0" offTime="24.0" isDynamic="true" isHarmonic="false" LightShaftOn="false" isBaked="false"  />
	<Light name="NIS_AMANDA_MID_023" type="Omni" colorR="0.388235" colorG="0.476471" colorB="0.466667" decayRadius="3.0" decayPower="0.0" decayType="2" transform="0.0 1.0 0.0 0.0 0.0 0.0 1.0 0.0 1.0 0.0 0.0 0.0 895.94 -464.215 12.1264 1.0" shadowFlags="0" specular="true" texture="" onTime="0.0" offTime="24.0" isDynamic="true" isHarmonic="false" LightShaftOn="false" isBaked="false"  />
	<Light name="NIS_AMANDA_MID_024" type="Spot" colorR="0.5" colorG="0.486275" colorB="0.464706" decayRadius="5.0" decayPower="0.0" decayType="2" transform="-0.975713 0.181336 -0.122885 0.0 -0.177332 -0.324553 0.929096 0.0 0.128596 0.928322 0.348827 0.0 903.372 -466.357 12.6942 1.0" fovInner="0.0" fovOuter="0.523599" shadowNear="0.1" shadowFlags="0" specular="true" texture="" onTime="0.0" offTime="24.0" isDynamic="true" isHarmonic="false" LightShaftOn="false" isBaked="false"  />
	<Light name="NIS_AMANDA_MID_025" type="Spot" colorR="0.46" colorG="0.416706" colorB="0.362588" decayRadius="1.0" decayPower="0.0" decayType="2" transform="0.804752 -0.586081 0.0942494 0.0 0.183625 0.396767 0.899365 0.0 -0.564496 -0.70646 0.426919 0.0 902.39 -469.544 12.0774 1.0" fovInner="0.0" fovOuter="0.523599" shadowNear="0.1" shadowFlags="0" specular="true" texture="" onTime="0.0" offTime="24.0" isDynamic="true" isHarmonic="false" LightShaftOn="false" isBaked="false"  />
</LightGroup>
