<?xml version="1.0" encoding="utf-8"?>
<!-- Created by LightDumper -->

<LightGroup name="Hotswap">
	<Light name="NL0" type="Spot" colorR="0.304706" colorG="0.356863" colorB="0.436471" decayRadius="10.0" decayPower="0.0" decayType="0" transform="0.839361 -0.543573 0.0 0.0 0.245575 0.379205 0.89213 0.0 -0.484939 -0.74882 0.451779 0.0 -109.736 1748.6 74.0531 1.0" fovInner="0.174533" fovOuter="0.785398" shadowNear="0.1" shadowFlags="1" specular="true" texture="" onTime="18.0" offTime="6.0" isDynamic="false" isHarmonic="false" LightShaftOn="false" isBaked="false"  />
	<Light name="NL1" type="Spot" colorR="0.217647" colorG="0.254902" colorB="0.311765" decayRadius="10.0" decayPower="0.0" decayType="0" transform="0.61466 0.788792 0.0 0.0 -0.356359 0.27769 0.89213 0.0 0.703705 -0.548357 0.451779 0.0 -112.733 1740.38 74.0531 1.0" fovInner="0.174533" fovOuter="0.785398" shadowNear="0.1" shadowFlags="1" specular="true" texture="" onTime="18.0" offTime="6.0" isDynamic="false" isHarmonic="false" LightShaftOn="false" isBaked="false"  />
	<Light name="NL2" type="Spot" colorR="0.482353" colorG="0.484314" colorB="0.429412" decayRadius="20.0" decayPower="0.0" decayType="1" transform="-1.62921e-007 -1.0 0.0 0.0 0.838566 0.0 -0.544801 0.0 0.544801 -1.63733e-007 0.838566 0.0 -107.556 1748.43 81.2966 1.0" fovInner="0.436332" fovOuter="0.785398" shadowNear="0.1" shadowFlags="0" specular="false" texture="" onTime="0.0" offTime="24.0" isDynamic="true" isHarmonic="false" LightShaftOn="false" isBaked="false"  />
	<Light name="NL3" type="Spot" colorR="0.217647" colorG="0.254902" colorB="0.311765" decayRadius="10.0" decayPower="0.0" decayType="0" transform="-0.697477 -0.713665 0.0648591 0.0 0.408013 -0.321085 0.854652 0.0 -0.58911 0.622563 0.515135 0.0 -110.803 1768.0 74.8857 1.0" fovInner="0.174533" fovOuter="0.785398" shadowNear="0.1" shadowFlags="0" specular="true" texture="" onTime="18.0" offTime="6.0" isDynamic="false" isHarmonic="false" LightShaftOn="false" isBaked="false"  />
</LightGroup>
