<?xml version="1.0" encoding="utf-8"?>
<!-- Created by LightDumper -->

<LightGroup name="Hotswap">
	<Light name="Omni002" type="Spot" colorR="0.47" colorG="0.446039" colorB="0.396275" decayRadius="3.0" decayPower="0.0" decayType="0" transform="-0.0557223 0.428635 0.901758 0.0 -0.998279 -0.040432 -0.0424679 0.0 0.0182569 -0.902573 0.43015 0.0 613.434 1517.91 22.6862 1.0" fovInner="0.00436332" fovOuter="0.785398" shadowNear="0.1" shadowFlags="0" specular="true" texture="" onTime="0.0" offTime="24.0" isDynamic="false" isHarmonic="false" LightShaftOn="false" isBaked="false"  />
	<Light name="Omni003" type="Spot" colorR="0.55" colorG="0.521961" colorB="0.463725" decayRadius="3.72" decayPower="0.0" decayType="0" transform="0.339749 0.267214 0.901758 0.0 -0.545574 0.836986 -0.0424679 0.0 -0.766106 -0.477548 0.43015 0.0 612.968 1521.44 22.9144 1.0" fovInner="0.00436332" fovOuter="0.785398" shadowNear="0.1" shadowFlags="0" specular="true" texture="" onTime="0.0" offTime="24.0" isDynamic="false" isHarmonic="false" LightShaftOn="false" isBaked="false"  />
	<Light name="Omni004" type="Spot" colorR="0.64" colorG="0.607373" colorB="0.539608" decayRadius="3.5" decayPower="0.0" decayType="0" transform="0.124984 -0.236504 0.963558 0.0 0.944395 0.326058 -0.0424677 0.0 -0.304133 0.915288 0.264105 0.0 612.93 1521.15 22.1452 1.0" fovInner="0.00436332" fovOuter="1.0472" shadowNear="0.1" shadowFlags="0" specular="true" texture="" onTime="0.0" offTime="24.0" isDynamic="false" isHarmonic="false" LightShaftOn="false" isBaked="false"  />
	<Light name="Omni005" type="Spot" colorR="0.59" colorG="0.559922" colorB="0.497451" decayRadius="3.0" decayPower="0.0" decayType="0" transform="0.0821671 0.42436 0.901757 0.0 -0.960173 0.276158 -0.0424678 0.0 -0.26705 -0.862354 0.43015 0.0 615.338 1518.44 22.7776 1.0" fovInner="0.00436332" fovOuter="0.872665" shadowNear="0.1" shadowFlags="0" specular="true" texture="" onTime="0.0" offTime="24.0" isDynamic="false" isHarmonic="false" LightShaftOn="false" isBaked="false"  />
	<Light name="Omni006" type="Spot" colorR="0.59" colorG="0.559922" colorB="0.497451" decayRadius="2.0" decayPower="0.0" decayType="0" transform="0.0821671 0.42436 0.901757 0.0 -0.960173 0.276158 -0.0424678 0.0 -0.26705 -0.862354 0.43015 0.0 614.314 1519.05 23.2012 1.0" fovInner="0.00436332" fovOuter="0.698132" shadowNear="0.1" shadowFlags="0" specular="true" texture="" onTime="0.0" offTime="24.0" isDynamic="false" isHarmonic="false" LightShaftOn="false" isBaked="false"  />
	<Light name="Omni007" type="Spot" colorR="0.59" colorG="0.559922" colorB="0.497451" decayRadius="2.4" decayPower="0.0" decayType="0" transform="0.430264 0.0412982 0.901758 0.0 -0.00688893 0.999074 -0.042468 0.0 -0.902677 0.01206 0.43015 0.0 613.49 1520.97 22.9308 1.0" fovInner="0.00436332" fovOuter="0.698132" shadowNear="0.1" shadowFlags="0" specular="true" texture="" onTime="0.0" offTime="24.0" isDynamic="false" isHarmonic="false" LightShaftOn="false" isBaked="false"  />
	<Light name="Omni008" type="Spot" colorR="0.27" colorG="0.256235" colorB="0.227647" decayRadius="3.0" decayPower="0.0" decayType="0" transform="-0.0898737 -0.251948 0.963558 0.0 0.878527 -0.4758 -0.0424678 0.0 0.469161 0.842696 0.264105 0.0 615.957 1521.61 22.1452 1.0" fovInner="0.00436332" fovOuter="1.0472" shadowNear="0.1" shadowFlags="0" specular="true" texture="" onTime="0.0" offTime="24.0" isDynamic="false" isHarmonic="false" LightShaftOn="false" isBaked="false"  />
	<Light name="Omni009" type="Spot" colorR="0.55" colorG="0.521961" colorB="0.463725" decayRadius="1.5" decayPower="0.0" decayType="0" transform="0.0673666 0.426959 0.901757 0.0 -0.969192 0.242616 -0.0424679 0.0 -0.236913 -0.871116 0.43015 0.0 613.614 1521.0 22.9144 1.0" fovInner="0.00436332" fovOuter="1.0472" shadowNear="0.1" shadowFlags="0" specular="true" texture="" onTime="0.0" offTime="24.0" isDynamic="false" isHarmonic="false" LightShaftOn="false" isBaked="false"  />
	<Light name="Omni010" type="Spot" colorR="0.64" colorG="0.607373" colorB="0.539608" decayRadius="1.2" decayPower="0.0" decayType="0" transform="0.124984 -0.236504 0.963558 0.0 0.944395 0.326058 -0.0424677 0.0 -0.304133 0.915288 0.264105 0.0 613.9 1520.85 22.8079 1.0" fovInner="0.00436332" fovOuter="1.0472" shadowNear="0.1" shadowFlags="0" specular="true" texture="" onTime="0.0" offTime="24.0" isDynamic="false" isHarmonic="false" LightShaftOn="false" isBaked="false"  />
</LightGroup>
