<?xml version="1.0" encoding="utf-8"?>
<!-- Created by LightDumper -->

<LightGroup name="Hotswap">
	<Light name="NIS_SIFU_OUTRO_01" type="Spot" colorR="0.388235" colorG="0.476471" colorB="0.466667" decayRadius="15.0" decayPower="0.0" decayType="0" transform="1.0 0.0 0.0 0.0 0.0 1.0 0.0 0.0 0.0 0.0 1.0 0.0 900.894 -462.843 13.8695 1.0" fovInner="0.0" fovOuter="0.872665" shadowNear="0.1" shadowFlags="1" specular="false" texture="" onTime="0.0" offTime="24.0" isDynamic="false" isHarmonic="false" LightShaftOn="false" isBaked="false"  />
	<Light name="NIS_SIFU_OUTRO_02" type="Spot" colorR="0.302824" colorG="0.371647" colorB="0.364" decayRadius="6.0" decayPower="1.0" decayType="2" transform="0.707107 0.0 -0.707107 0.0 0.0 1.0 0.0 0.0 0.707107 0.0 0.707107 0.0 896.884 -467.379 13.8371 1.0" fovInner="0.0872665" fovOuter="0.872665" shadowNear="0.1" shadowFlags="0" specular="true" texture="" onTime="0.0" offTime="24.0" isDynamic="true" isHarmonic="false" LightShaftOn="false" isBaked="false"  />
	<Light name="NIS_SIFU_OUTRO_03" type="Spot" colorR="0.302824" colorG="0.371647" colorB="0.364" decayRadius="6.0" decayPower="0.0" decayType="2" transform="0.707107 0.0 -0.707107 0.0 0.0 1.0 0.0 0.0 0.707107 0.0 0.707107 0.0 896.884 -462.431 13.3239 1.0" fovInner="0.0872665" fovOuter="0.872665" shadowNear="0.1" shadowFlags="0" specular="false" texture="" onTime="0.0" offTime="24.0" isDynamic="true" isHarmonic="false" LightShaftOn="false" isBaked="false"  />
	<Light name="NIS_SIFU_OUTRO_04" type="Omni" colorR="0.411529" colorG="0.505059" colorB="0.494667" decayRadius="8.0" decayPower="1.0" decayType="2" transform="0.0 1.0 0.0 0.0 0.0 0.0 1.0 0.0 1.0 0.0 0.0 0.0 907.804 -466.914 12.2368 1.0" shadowFlags="0" specular="true" texture="" onTime="0.0" offTime="24.0" isDynamic="true" isHarmonic="false" LightShaftOn="false" isBaked="false"  />
	<Light name="NIS_SIFU_OUTRO_05" type="Omni" colorR="0.232941" colorG="0.285882" colorB="0.28" decayRadius="8.0" decayPower="1.0" decayType="2" transform="0.0 1.0 0.0 0.0 0.0 0.0 1.0 0.0 1.0 0.0 0.0 0.0 897.937 -465.374 12.2368 1.0" shadowFlags="0" specular="true" texture="" onTime="0.0" offTime="24.0" isDynamic="true" isHarmonic="false" LightShaftOn="false" isBaked="false"  />
	<Light name="NIS_SIFU_OUTRO_06" type="Omni" colorR="0.349412" colorG="0.428824" colorB="0.42" decayRadius="8.0" decayPower="1.0" decayType="2" transform="0.0 1.0 0.0 0.0 0.0 0.0 1.0 0.0 1.0 0.0 0.0 0.0 897.937 -457.688 12.2368 1.0" shadowFlags="0" specular="true" texture="" onTime="0.0" offTime="24.0" isDynamic="true" isHarmonic="false" LightShaftOn="false" isBaked="false"  />
	<Light name="NIS_SIFU_OUTRO_07" type="Omni" colorR="0.349412" colorG="0.428824" colorB="0.42" decayRadius="8.0" decayPower="1.0" decayType="2" transform="0.0 1.0 0.0 0.0 0.0 0.0 1.0 0.0 1.0 0.0 0.0 0.0 907.804 -457.688 12.2368 1.0" shadowFlags="0" specular="true" texture="" onTime="0.0" offTime="24.0" isDynamic="true" isHarmonic="false" LightShaftOn="false" isBaked="false"  />
	<Light name="NIS_SIFU_OUTRO_008" type="Spot" colorR="0.5" colorG="0.498039" colorB="0.456863" decayRadius="7.0" decayPower="0.0" decayType="0" transform="-0.526663 0.845272 0.0902332 0.0 -0.184889 -0.217508 0.958387 0.0 0.829724 0.488064 0.270836 0.0 903.051 -462.421 13.1913 1.0" fovInner="0.0" fovOuter="0.698132" shadowNear="0.1" shadowFlags="0" specular="true" texture="" onTime="0.0" offTime="24.0" isDynamic="false" isHarmonic="false" LightShaftOn="false" isBaked="false"  />
	<Light name="NIS_SIFU_OUTRO_011" type="Spot" colorR="0.4" colorG="0.398431" colorB="0.36549" decayRadius="5.0" decayPower="0.0" decayType="0" transform="-0.573742 0.819036 0.0 0.0 -0.333397 -0.233548 0.913401 0.0 0.748109 0.524057 0.407061 0.0 904.62 -463.593 13.6303 1.0" fovInner="0.0" fovOuter="0.872665" shadowNear="0.1" shadowFlags="0" specular="true" texture="" onTime="0.0" offTime="24.0" isDynamic="false" isHarmonic="false" LightShaftOn="false" isBaked="false"  />
	<Light name="NIS_SIFU_OUTRO_013" type="Omni" colorR="0.4" colorG="0.398431" colorB="0.36549" decayRadius="6.0" decayPower="1.0" decayType="0" transform="-0.989931 0.141552 0.0 0.0 -0.05762 -0.402961 0.913401 0.0 0.129293 0.904204 0.40706 0.0 906.628 -463.026 12.2868 1.0" shadowFlags="0" specular="true" texture="" onTime="0.0" offTime="24.0" isDynamic="false" isHarmonic="false" LightShaftOn="false" isBaked="false"  />
	<Light name="NIS_SIFU_OUTRO_014" type="Spot" colorR="0.68" colorG="0.677333" colorB="0.621333" decayRadius="3.0" decayPower="0.0" decayType="0" transform="0.378478 -0.921202 0.0902334 0.0 0.218543 0.183665 0.958387 0.0 -0.89944 -0.343008 0.270835 0.0 897.518 -466.677 12.2247 1.0" fovInner="0.0" fovOuter="0.436332" shadowNear="0.1" shadowFlags="0" specular="true" texture="" onTime="0.0" offTime="24.0" isDynamic="false" isHarmonic="false" LightShaftOn="false" isBaked="false"  />
	<Light name="NIS_SIFU_OUTRO_015" type="Spot" colorR="0.68" colorG="0.677333" colorB="0.621333" decayRadius="3.0" decayPower="0.0" decayType="0" transform="0.898271 0.430078 0.0902332 0.0 -0.195756 0.207783 0.958387 0.0 0.393432 -0.878555 0.270836 0.0 902.617 -467.583 12.2247 1.0" fovInner="0.0" fovOuter="0.872665" shadowNear="0.1" shadowFlags="0" specular="true" texture="" onTime="0.0" offTime="24.0" isDynamic="false" isHarmonic="false" LightShaftOn="false" isBaked="false"  />
</LightGroup>
