<?xml version="1.0" encoding="utf-8"?>
<!-- Created by LightDumper -->

<LightGroup name="Hotswap">
	<Light name="NIS_FILL" type="Spot" colorR="0.439216" colorG="0.635294" colorB="1.0" decayRadius="8.0" decayPower="0.0" decayType="0" transform="0.534642 -0.845079 0.0 0.0 0.25531 0.161522 -0.953272 0.0 0.80559 0.509659 0.302114 0.0 888.896 81.9017 26.0117 1.0" fovInner="0.375246" fovOuter="0.785398" shadowNear="0.1" shadowFlags="0" specular="true" texture="" onTime="0.0" offTime="24.0" isDynamic="false" isHarmonic="false" LightShaftOn="false" isBaked="false"  />
	<Light name="NIS_RIM" type="Spot" colorR="0.698039" colorG="0.698039" colorB="0.941177" decayRadius="8.0" decayPower="0.0" decayType="0" transform="0.258644 -0.185822 -0.947931 0.0 0.583473 0.812132 0.0 0.0 0.769845 -0.553092 0.318476 0.0 890.577 77.9668 27.1879 1.0" fovInner="0.375246" fovOuter="0.436332" shadowNear="0.1" shadowFlags="0" specular="false" texture="" onTime="0.0" offTime="24.0" isDynamic="false" isHarmonic="false" LightShaftOn="false" isBaked="false"  />
	<Light name="NIS_KEY" type="Spot" colorR="0.8" colorG="0.596078" colorB="0.376471" decayRadius="9.0" decayPower="0.0" decayType="0" transform="-0.0976194 -0.373229 0.922588 0.0 0.927294 0.302503 0.220494 0.0 -0.361381 0.877035 0.316563 0.0 882.758 86.6765 26.0959 1.0" fovInner="0.610865" fovOuter="0.785398" shadowNear="0.1" shadowFlags="0" specular="true" texture="" onTime="0.0" offTime="24.0" isDynamic="false" isHarmonic="false" LightShaftOn="false" isBaked="false"  />
</LightGroup>
