<?xml version="1.0" encoding="utf-8"?>
<!-- Created by LightDumper -->

<LightGroup name="Hotswap">
	<Light name="NIS_KEY" type="Spot" colorR="2.5" colorG="2.26471" colorB="2.0098" decayRadius="20.0" decayPower="1.0" decayType="0" transform="-0.624162 0.777658 0.0753012 0.0 0.270266 0.124475 0.954706 0.0 0.733062 0.616242 -0.287867 0.0 -42.1874 1025.45 15.3128 1.0" fovInner="0.610865" fovOuter="0.872665" shadowNear="0.1" shadowFlags="0" specular="true" texture="" onTime="10.0" offTime="16.0" isDynamic="false" isHarmonic="false" LightShaftOn="false" isBaked="false"  />
	<Light name="NIS_RIM" type="Spot" colorR="2.5" colorG="2.28431" colorB="2.02941" decayRadius="16.5" decayPower="0.0" decayType="0" transform="-0.00384405 0.971607 -0.236571 0.0 0.201319 -0.230977 -0.951904 0.0 -0.979518 -0.0512856 -0.194715 0.0 -68.7592 1012.27 17.5455 1.0" fovInner="0.610865" fovOuter="0.872665" shadowNear="0.1" shadowFlags="0" specular="true" texture="" onTime="10.0" offTime="16.0" isDynamic="false" isHarmonic="false" LightShaftOn="false" isBaked="false"  />
	<Light name="NIS_FILL" type="Spot" colorR="1.85098" colorG="1.73333" colorB="1.79608" decayRadius="15.0" decayPower="0.0" decayType="0" transform="0.714889 -0.699051 -0.0161945 0.0 -0.132545 -0.158216 0.978468 0.0 -0.686561 -0.69735 -0.205763 0.0 -61.3775 1007.72 17.2937 1.0" fovInner="0.698132" fovOuter="0.785398" shadowNear="0.1" shadowFlags="0" specular="false" texture="" onTime="10.0" offTime="16.0" isDynamic="false" isHarmonic="false" LightShaftOn="false" isBaked="false"  />
</LightGroup>
