<?xml version="1.0" encoding="utf-8"?>
<!-- Created by LightDumper -->

<LightGroup name="Hotswap">
	<Light name="NIS_SL_RIM_FILL" type="Spot" colorR="0.6" colorG="0.576471" colorB="0.472941" decayRadius="20.0" decayPower="0.5" decayType="1" transform="0.847537 -0.478332 -0.229955 0.0 0.24549 -0.0308204 0.968906 0.0 -0.470546 -0.877637 0.0913059 0.0 1205.32 -95.2946 11.0009 1.0" fovInner="0.698132" fovOuter="0.715585" shadowNear="0.1" shadowFlags="0" specular="true" texture="" onTime="0.0" offTime="24.0" isDynamic="true" isHarmonic="false" LightShaftOn="false" isBaked="false"  />
	<Light name="NIS_SL_RIM" type="Spot" colorR="0.832941" colorG="1.04" colorB="1.2" decayRadius="7.0" decayPower="0.5" decayType="1" transform="0.607079 0.790044 0.0853466 0.0 0.297821 -0.325781 0.897313 0.0 0.736721 -0.519323 -0.433066 0.0 1213.11 -91.6777 10.9626 1.0" fovInner="0.436332" fovOuter="1.309" shadowNear="0.1" shadowFlags="0" specular="true" texture="" onTime="0.0" offTime="24.0" isDynamic="true" isHarmonic="false" LightShaftOn="false" isBaked="false"  />
	<Light name="NIS_SL_KEY" type="Spot" colorR="0.790588" colorG="0.665098" colorB="0.602353" decayRadius="10.0" decayPower="0.0" decayType="1" transform="-0.390219 -0.40404 -0.827334 0.0 -0.0501171 -0.887919 0.457266 0.0 -0.919357 0.219896 0.326232 0.0 1203.92 -83.0109 10.1642 1.0" fovInner="0.698132" fovOuter="1.0472" shadowNear="0.1" shadowFlags="0" specular="true" texture="" onTime="0.0" offTime="24.0" isDynamic="true" isHarmonic="false" LightShaftOn="false" isBaked="false"  />
</LightGroup>
