<?xml version="1.0" encoding="utf-8"?>
<!-- Created by LightDumper -->

<LightGroup name="Hotswap">
	<Light name="NIS_KEY" type="Spot" colorR="0.6" colorG="0.6" colorB="0.562353" decayRadius="8.0" decayPower="0.0" decayType="0" transform="0.999675 0.0 -0.0254977 0.0 0.0 1.0 0.0 0.0 0.0254977 0.0 0.999675 0.0 -707.329 -473.623 10.8596 1.0" fovInner="0.698132" fovOuter="0.785398" shadowNear="0.1" shadowFlags="0" specular="true" texture="" onTime="18.0" offTime="6.0" isDynamic="false" isHarmonic="false" LightShaftOn="false" isBaked="false"  />
	<Light name="NIS_RIM" type="Spot" colorR="1.2" colorG="0.912941" colorB="0.875294" decayRadius="8.0" decayPower="1.0" decayType="0" transform="0.109687 -0.0856629 -0.990267 0.0 0.386161 0.92169 -0.0369576 0.0 0.915886 -0.378349 0.134177 0.0 -704.149 -478.45 8.09252 1.0" fovInner="0.698132" fovOuter="0.785398" shadowNear="0.1" shadowFlags="0" specular="true" texture="" onTime="18.0" offTime="6.0" isDynamic="false" isHarmonic="false" LightShaftOn="false" isBaked="false"  />
	<Light name="NIS_AUX" type="Spot" colorR="1.0" colorG="0.976471" colorB="0.835294" decayRadius="10.0" decayPower="0.0" decayType="0" transform="0.9739 -0.212601 0.0794883 0.0 0.185927 0.948122 0.257868 0.0 -0.130188 -0.236358 0.962905 0.0 -704.187 -482.981 14.3687 1.0" fovInner="0.698132" fovOuter="0.785398" shadowNear="0.1" shadowFlags="1" specular="true" texture="" onTime="18.0" offTime="6.0" isDynamic="false" isHarmonic="false" LightShaftOn="false" isBaked="false"  />
	<Light name="NIS_ENV01" type="Spot" colorR="1.0" colorG="0.94902" colorB="0.917647" decayRadius="20.0" decayPower="1.0" decayType="0" transform="0.269114 -0.963108 0.0 0.0 0.158959 0.0444166 -0.986286 0.0 0.9499 0.265423 0.165047 0.0 -694.433 -479.961 9.40281 1.0" fovInner="0.375246" fovOuter="0.392699" shadowNear="0.1" shadowFlags="0" specular="true" texture="" onTime="18.0" offTime="6.0" isDynamic="false" isHarmonic="false" LightShaftOn="false" isBaked="false"  />
	<Light name="NIS_ENV02" type="Omni" colorR="0.69451" colorG="0.477647" colorB="0.417255" decayRadius="15.0" decayPower="1.0" decayType="0" transform="1.0 0.0 0.0 0.0 0.0 1.0 0.0 0.0 0.0 0.0 1.0 0.0 -716.39 -482.416 4.74826 1.0" shadowFlags="0" specular="false" texture="" onTime="18.0" offTime="6.0" isDynamic="false" isHarmonic="false" LightShaftOn="false" isBaked="false"  />
	<Light name="Omni003" type="Omni" colorR="0.896471" colorG="0.691765" colorB="0.635294" decayRadius="15.0" decayPower="1.0" decayType="0" transform="1.0 0.0 0.0 0.0 0.0 1.0 0.0 0.0 0.0 0.0 1.0 0.0 -695.731 -488.587 5.24035 1.0" shadowFlags="0" specular="false" texture="" onTime="18.0" offTime="6.0" isDynamic="false" isHarmonic="false" LightShaftOn="false" isBaked="false"  />
</LightGroup>
