<?xml version="1.0" encoding="utf-8"?>
<!-- Created by LightDumper -->

<LightGroup name="Hotswap">
	<Light name="Fspot005" type="Spot" colorR="0.346667" colorG="0.385882" colorB="0.4" decayRadius="4.0" decayPower="0.0" decayType="0" transform="0.72528 0.572616 -0.382204 0.0 -0.49818 0.0533514 -0.86543 0.0 -0.475168 0.818086 0.323961 0.0 1438.72 -521.459 12.5131 1.0" fovInner="0.0" fovOuter="0.785398" shadowNear="0.1" shadowFlags="0" specular="true" texture="" onTime="0.0" offTime="24.0" isDynamic="false" isHarmonic="false" LightShaftOn="false" isBaked="false"  />
	<Light name="Fspot004" type="Omni" colorR="0.26" colorG="0.291765" colorB="0.3" decayRadius="6.0" decayPower="1.0" decayType="0" transform="0.766682 0.52727 -0.366313 0.0 -0.540661 0.222534 -0.811273 0.0 -0.346243 0.82004 0.455687 0.0 1442.4 -528.808 12.4767 1.0" shadowFlags="0" specular="true" texture="" onTime="0.0" offTime="24.0" isDynamic="false" isHarmonic="false" LightShaftOn="false" isBaked="false"  />
	<Light name="Fspot003" type="Spot" colorR="0.6" colorG="0.574118" colorB="0.52" decayRadius="6.0" decayPower="0.0" decayType="0" transform="0.37375 0.852131 -0.366313 0.0 -0.57677 -0.0957745 -0.811273 0.0 -0.726394 0.514491 0.455687 0.0 1436.51 -526.438 13.0455 1.0" fovInner="0.0" fovOuter="0.523599" shadowNear="0.1" shadowFlags="0" specular="true" texture="" onTime="0.0" offTime="24.0" isDynamic="false" isHarmonic="false" LightShaftOn="false" isBaked="false"  />
	<Light name="Fspot001" type="Spot" colorR="0.470588" colorG="0.508235" colorB="0.6" decayRadius="1.4" decayPower="0.0" decayType="0" transform="0.836248 -0.548351 0.0 0.0 -0.287535 -0.438497 -0.851495 0.0 0.466918 0.712061 -0.524362 0.0 1440.94 -520.506 10.9518 1.0" fovInner="0.0" fovOuter="0.872665" shadowNear="0.1" shadowFlags="0" specular="true" texture="" onTime="0.0" offTime="24.0" isDynamic="false" isHarmonic="false" LightShaftOn="false" isBaked="false"  />
	<Light name="Fspot002" type="Spot" colorR="0.485333" colorG="0.540235" colorB="0.56" decayRadius="4.0" decayPower="0.0" decayType="0" transform="0.923824 -0.0216451 -0.382204 0.0 -0.349637 0.358865 -0.86543 0.0 0.155892 0.933138 0.323961 0.0 1439.81 -519.287 12.5131 1.0" fovInner="0.0" fovOuter="0.479966" shadowNear="0.1" shadowFlags="0" specular="true" texture="" onTime="0.0" offTime="24.0" isDynamic="false" isHarmonic="false" LightShaftOn="false" isBaked="false"  />
</LightGroup>
