<?xml version="1.0" encoding="utf-8"?>
<!-- Created by LightDumper -->

<LightGroup name="Hotswap">
	<Light name="NIS_KEY" type="Spot" colorR="0.380392" colorG="0.286275" colorB="0.180392" decayRadius="10.0" decayPower="0.0" decayType="0" transform="-0.493462 0.844931 0.206359 0.0 0.0039351 -0.235088 0.971966 0.0 0.869759 0.480443 0.112682 0.0 -377.271 -540.117 3.32088 1.0" fovInner="0.741765" fovOuter="0.872665" shadowNear="0.1" shadowFlags="0" specular="true" texture="" onTime="18.0" offTime="6.0" isDynamic="false" isHarmonic="false" LightShaftOn="false" isBaked="false"  />
	<Light name="NIS_RIM" type="Spot" colorR="1.0" colorG="0.65098" colorB="0.419608" decayRadius="10.0" decayPower="0.0" decayType="0" transform="-0.512351 0.182927 -0.83907 0.0 -0.516735 -0.846052 0.131078 0.0 -0.685916 0.500734 0.527998 0.0 -385.737 -522.633 3.81557 1.0" fovInner="0.523599" fovOuter="0.959931" shadowNear="0.1" shadowFlags="1" specular="true" texture="" onTime="18.0" offTime="6.0" isDynamic="false" isHarmonic="false" LightShaftOn="false" isBaked="false"  />
	<Light name="NIS_FILL" type="Spot" colorR="0.403922" colorG="0.413726" colorB="0.5" decayRadius="8.0" decayPower="1.0" decayType="0" transform="0.695706 0.713285 -0.0849293 0.0 -0.467261 0.359575 -0.807694 0.0 -0.54558 0.601603 0.583451 0.0 -373.983 -540.531 2.90199 1.0" fovInner="0.698132" fovOuter="1.0472" shadowNear="0.1" shadowFlags="0" specular="true" texture="" onTime="18.0" offTime="6.0" isDynamic="false" isHarmonic="false" LightShaftOn="false" isBaked="false"  />
</LightGroup>
