<?xml version="1.0" encoding="utf-8"?>
<!-- Created by LightDumper -->

<LightGroup name="Hotswap">
	<Light name="NIS_KEY" type="Spot" colorR="0.9" colorG="0.755294" colorB="0.691765" decayRadius="15.0" decayPower="0.0" decayType="0" transform="0.507851 -0.850379 -0.137634 0.0 0.533794 0.185246 0.825075 0.0 -0.67613 -0.492484 0.548004 0.0 884.86 -223.6 24.0992 1.0" fovInner="0.785398" fovOuter="1.0472" shadowNear="0.1" shadowFlags="0" specular="true" texture="" onTime="18.0" offTime="6.0" isDynamic="false" isHarmonic="false" LightShaftOn="false" isBaked="false"  />
	<Light name="NIS_RIM" type="Spot" colorR="0.866667" colorG="0.976471" colorB="0.882353" decayRadius="8.0" decayPower="0.0" decayType="0" transform="-0.698098 0.637444 0.326073 0.0 -0.173193 -0.592219 0.786943 0.0 0.694739 0.49289 0.523828 0.0 903.667 -220.728 24.939 1.0" fovInner="0.785398" fovOuter="1.0472" shadowNear="0.1" shadowFlags="0" specular="true" texture="" onTime="18.0" offTime="6.0" isDynamic="false" isHarmonic="false" LightShaftOn="false" isBaked="false"  />
	<Light name="NIS_FILL" type="Spot" colorR="0.558431" colorG="0.756078" colorB="0.8" decayRadius="8.3" decayPower="0.0" decayType="0" transform="-0.194711 -0.306958 0.931592 0.0 0.797283 -0.602759 -0.0319688 0.0 0.571338 0.736518 0.362096 0.0 897.091 -211.861 18.5614 1.0" fovInner="0.610865" fovOuter="1.0472" shadowNear="0.1" shadowFlags="1" specular="true" texture="" onTime="18.0" offTime="6.0" isDynamic="false" isHarmonic="false" LightShaftOn="false" isBaked="false"  />
	<Light name="NIS_FILL_B" type="Spot" colorR="1.0" colorG="0.839216" colorB="0.768628" decayRadius="3.5" decayPower="0.0" decayType="0" transform="0.864774 0.449452 -0.223963 0.0 0.0911687 0.298063 0.950182 0.0 0.493817 -0.842111 0.216781 0.0 898.152 -225.424 22.2368 1.0" fovInner="0.785398" fovOuter="0.802851" shadowNear="0.1" shadowFlags="0" specular="true" texture="" onTime="18.0" offTime="6.0" isDynamic="false" isHarmonic="false" LightShaftOn="false" isBaked="false"  />
</LightGroup>
