<?xml version="1.0" encoding="utf-8"?>
<!-- Created by LightDumper -->

<LightGroup name="Hotswap">
	<Light name="Fspot001" type="Spot" colorR="1.0" colorG="1.0" colorB="1.0" decayRadius="5.0" decayPower="0.0" decayType="0" transform="0.0472885 0.0285227 -0.998474 0.0 -0.516484 0.856297 1.84402e-007 0.0 0.85499 0.515695 0.0552245 0.0 -372.038 442.792 52.0655 1.0" fovInner="0.0" fovOuter="0.872665" shadowNear="0.1" shadowFlags="0" specular="true" texture="" onTime="0.0" offTime="24.0" isDynamic="false" isHarmonic="false" LightShaftOn="false" isBaked="false"  />
	<Light name="Fspot002" type="Spot" colorR="1.0" colorG="1.0" colorB="1.0" decayRadius="5.0" decayPower="0.0" decayType="0" transform="0.0472882 0.0285228 -0.998474 0.0 -0.741465 0.670802 -0.0159537 0.0 0.669323 0.741088 0.0528697 0.0 -369.143 440.074 52.0655 1.0" fovInner="0.0" fovOuter="0.872665" shadowNear="0.1" shadowFlags="0" specular="true" texture="" onTime="0.0" offTime="24.0" isDynamic="false" isHarmonic="false" LightShaftOn="false" isBaked="false"  />
	<Light name="Fspot003" type="Spot" colorR="0.79" colorG="0.79" colorB="0.79" decayRadius="5.0" decayPower="0.0" decayType="0" transform="0.0472882 0.0285228 -0.998474 0.0 -0.741465 0.670802 -0.0159537 0.0 0.669323 0.741088 0.0528697 0.0 -365.181 436.674 52.0655 1.0" fovInner="0.0" fovOuter="0.872665" shadowNear="0.1" shadowFlags="0" specular="true" texture="" onTime="0.0" offTime="24.0" isDynamic="false" isHarmonic="false" LightShaftOn="false" isBaked="false"  />
	<Light name="Fspot004" type="Spot" colorR="0.76" colorG="0.76" colorB="0.76" decayRadius="5.0" decayPower="0.0" decayType="0" transform="0.0472882 0.0285228 -0.998474 0.0 -0.741465 0.670802 -0.0159537 0.0 0.669323 0.741088 0.0528697 0.0 -362.125 433.943 52.0655 1.0" fovInner="0.0" fovOuter="0.872665" shadowNear="0.1" shadowFlags="0" specular="false" texture="" onTime="0.0" offTime="24.0" isDynamic="false" isHarmonic="false" LightShaftOn="false" isBaked="false"  />
	<Light name="Fspot005" type="Spot" colorR="0.58" colorG="0.58" colorB="0.58" decayRadius="5.0" decayPower="0.0" decayType="0" transform="0.0472891 0.0285228 -0.998474 0.0 -0.927036 0.373496 -0.0332363 0.0 0.371977 0.927193 0.044104 0.0 -358.517 434.223 52.0655 1.0" fovInner="0.0" fovOuter="0.872665" shadowNear="0.1" shadowFlags="0" specular="true" texture="" onTime="0.0" offTime="24.0" isDynamic="false" isHarmonic="false" LightShaftOn="false" isBaked="false"  />
	<Light name="Fspot006" type="Spot" colorR="0.7" colorG="0.7" colorB="0.7" decayRadius="7.0" decayPower="0.0" decayType="0" transform="-0.0245013 -0.257491 -0.96597 0.0 0.970211 -0.239084 0.0391216 0.0 -0.241021 -0.936235 0.255678 0.0 -383.412 432.447 56.1116 1.0" fovInner="0.0" fovOuter="0.698132" shadowNear="0.1" shadowFlags="0" specular="true" texture="" onTime="0.0" offTime="24.0" isDynamic="false" isHarmonic="false" LightShaftOn="false" isBaked="false"  />
	<Light name="Fspot007" type="Spot" colorR="0.7" colorG="0.7" colorB="0.7" decayRadius="7.0" decayPower="0.0" decayType="0" transform="-0.0245019 -0.257491 -0.96597 0.0 -0.567255 -0.792062 0.225522 0.0 -0.823178 0.553477 -0.126656 0.0 -385.175 436.556 56.1116 1.0" fovInner="0.0" fovOuter="0.698132" shadowNear="0.1" shadowFlags="0" specular="true" texture="" onTime="0.0" offTime="24.0" isDynamic="false" isHarmonic="false" LightShaftOn="false" isBaked="false"  />
	<Light name="Fspot008" type="Spot" colorR="1.1" colorG="1.1" colorB="1.1" decayRadius="4.0" decayPower="0.0" decayType="0" transform="0.0472887 0.0285228 -0.998474 0.0 -0.806274 -0.588979 -0.0550109 0.0 -0.589649 0.807645 -0.0048549 0.0 -365.823 437.569 52.6618 1.0" fovInner="0.0" fovOuter="0.698132" shadowNear="0.1" shadowFlags="0" specular="true" texture="" onTime="0.0" offTime="24.0" isDynamic="false" isHarmonic="false" LightShaftOn="false" isBaked="false"  />
	<Light name="Fspot009" type="Spot" colorR="0.547843" colorG="0.468039" colorB="0.33" decayRadius="7.0" decayPower="0.0" decayType="0" transform="-0.149682 -0.210943 -0.96597 0.0 0.953059 0.229288 -0.197752 0.0 0.2632 -0.950227 0.166721 0.0 -348.217 446.125 53.5397 1.0" fovInner="0.0" fovOuter="0.698132" shadowNear="0.1" shadowFlags="1" specular="true" texture="" onTime="0.0" offTime="24.0" isDynamic="false" isHarmonic="false" LightShaftOn="false" isBaked="false"  />
	<Light name="Fspot010" type="Spot" colorR="0.401176" colorG="0.461569" colorB="0.55" decayRadius="7.0" decayPower="0.0" decayType="0" transform="-0.257264 0.0267735 -0.96597 0.0 0.667839 -0.717555 -0.197752 0.0 -0.69843 -0.695986 0.166721 0.0 -350.693 447.176 53.5397 1.0" fovInner="0.0" fovOuter="0.698132" shadowNear="0.1" shadowFlags="0" specular="true" texture="" onTime="0.0" offTime="24.0" isDynamic="false" isHarmonic="false" LightShaftOn="false" isBaked="false"  />
	<Light name="Fspot011" type="Omni" colorR="0.539765" colorG="0.62102" colorB="0.74" decayRadius="6.0" decayPower="1.0" decayType="0" transform="-0.257264 0.0267735 -0.96597 0.0 0.667839 -0.717555 -0.197752 0.0 -0.69843 -0.695986 0.166721 0.0 -352.48 446.648 53.5991 1.0" shadowFlags="0" specular="false" texture="" onTime="0.0" offTime="24.0" isDynamic="false" isHarmonic="false" LightShaftOn="false" isBaked="false"  />
	<Light name="Fspot012" type="Spot" colorR="0.0" colorG="0.0" colorB="0.0" decayRadius="2.0" decayPower="0.0" decayType="0" transform="0.116316 -0.231025 -0.96597 0.0 0.243608 0.9495 -0.197753 0.0 0.962874 -0.212316 0.166721 0.0 -348.231 449.77 53.2077 1.0" fovInner="0.0" fovOuter="0.698132" shadowNear="0.1" shadowFlags="0" specular="true" texture="" onTime="0.0" offTime="24.0" isDynamic="false" isHarmonic="false" LightShaftOn="false" isBaked="false"  />
	<Light name="CL_Omni11716" type="Omni" colorR="0.214118" colorG="0.230588" colorB="0.3" decayRadius="12.0" decayPower="0.0" decayType="1" transform="0.0685807 0.997646 0.0 0.0 -0.997646 0.0685807 0.0 0.0 0.0 0.0 1.0 0.0 -365.454 430.494 57.4714 1.0" shadowFlags="0" specular="false" texture="" onTime="18.0" offTime="6.0" isDynamic="true" isHarmonic="false" LightShaftOn="false" isBaked="false"  />
	<Light name="CL_Omni11718" type="Omni" colorR="0.214118" colorG="0.230588" colorB="0.3" decayRadius="9.0" decayPower="0.0" decayType="1" transform="0.0685807 0.997646 0.0 0.0 -0.997646 0.0685807 0.0 0.0 0.0 0.0 1.0 0.0 -371.515 436.652 56.7833 1.0" shadowFlags="0" specular="false" texture="" onTime="18.0" offTime="6.0" isDynamic="true" isHarmonic="false" LightShaftOn="false" isBaked="false"  />
</LightGroup>
