<?xml version="1.0" encoding="utf-8"?>
<!-- Created by LightDumper -->

<LightGroup name="Hotswap">
	<Light name="NIS_KITCHEN" type="Spot" colorR="1.0" colorG="0.854902" colorB="0.866667" decayRadius="10.0" decayPower="2.0" decayType="0" transform="0.970296 0.0 0.241922 0.0 0.0 1.0 0.0 0.0 -0.241922 0.0 0.970296 0.0 -708.382 776.362 42.8172 1.0" fovInner="0.0" fovOuter="0.785398" shadowNear="0.1" shadowFlags="0" specular="true" texture="" onTime="0.0" offTime="24.0" isDynamic="false" isHarmonic="false" LightShaftOn="false" isBaked="false"  />
	<Light name="NIS_FILL" type="Spot" colorR="1.2" colorG="1.06824" colorB="0.988235" decayRadius="20.0" decayPower="0.0" decayType="0" transform="0.808504 -0.310356 -0.5 0.0 0.358368 0.93358 0.0 0.0 0.466791 -0.179184 0.866025 0.0 -680.125 785.377 41.6844 1.0" fovInner="0.375246" fovOuter="0.698132" shadowNear="0.1" shadowFlags="0" specular="true" texture="" onTime="0.0" offTime="24.0" isDynamic="false" isHarmonic="false" LightShaftOn="false" isBaked="false"  />
	<Light name="NIS_RIM" type="Spot" colorR="0.734118" colorG="0.781177" colorB="0.680784" decayRadius="20.0" decayPower="0.0" decayType="0" transform="0.961262 0.272955 0.0383611 0.0 -0.0851768 0.426517 -0.90046 0.0 -0.262147 0.86231 0.433244 0.0 -717.381 795.368 45.2531 1.0" fovInner="0.375246" fovOuter="0.785398" shadowNear="0.1" shadowFlags="0" specular="true" texture="" onTime="0.0" offTime="24.0" isDynamic="false" isHarmonic="false" LightShaftOn="false" isBaked="false"  />
	<Light name="NIS_KEY" type="Spot" colorR="0.62" colorG="0.62" colorB="0.583529" decayRadius="8.0" decayPower="0.0" decayType="0" transform="1.0 0.0 0.0 0.0 0.0 1.0 0.0 0.0 0.0 0.0 1.0 0.0 -711.772 786.053 47.5676 1.0" fovInner="0.261799" fovOuter="0.785398" shadowNear="0.1" shadowFlags="0" specular="true" texture="" onTime="0.0" offTime="24.0" isDynamic="false" isHarmonic="false" LightShaftOn="false" isBaked="false"  />
	<Light name="NIS_ENV_CenterTable" type="Omni" colorR="0.4" colorG="0.376471" colorB="0.4" decayRadius="6.0" decayPower="1.0" decayType="1" transform="1.0 0.0 0.0 0.0 0.0 1.0 0.0 0.0 0.0 0.0 1.0 0.0 -712.817 785.294 41.4384 1.0" shadowFlags="0" specular="true" texture="" onTime="0.0" offTime="24.0" isDynamic="true" isHarmonic="false" LightShaftOn="false" isBaked="false"  />
	<Light name="NIS_RIM001" type="Spot" colorR="0.458824" colorG="0.488235" colorB="0.42549" decayRadius="5.0" decayPower="0.0" decayType="0" transform="-0.706317 0.707748 0.0145477 0.0 -0.0467742 -0.026154 -0.998563 0.0 -0.70635 -0.705981 0.051577 0.0 -717.942 788.421 40.3568 1.0" fovInner="0.0" fovOuter="0.785398" shadowNear="0.1" shadowFlags="0" specular="true" texture="" onTime="0.0" offTime="24.0" isDynamic="false" isHarmonic="false" LightShaftOn="false" isBaked="false"  />
	<Light name="NIS_RIM002" type="Spot" colorR="0.345098" colorG="0.435294" colorB="0.5" decayRadius="1.5" decayPower="0.0" decayType="0" transform="0.133655 0.987426 0.0844282 0.0 0.409989 0.0224685 -0.911814 0.0 -0.902245 0.156484 -0.401831 0.0 -717.308 790.961 39.9208 1.0" fovInner="0.0" fovOuter="0.872665" shadowNear="0.1" shadowFlags="0" specular="true" texture="" onTime="0.0" offTime="24.0" isDynamic="false" isHarmonic="false" LightShaftOn="false" isBaked="false"  />
</LightGroup>
