<?xml version="1.0" encoding="utf-8"?>
<!-- Created by LightDumper -->

<LightGroup name="Hotswap">
	<Light name="Master_Key01" type="Spot" colorR="0.892941" colorG="0.561176" colorB="0.624706" decayRadius="3.0" decayPower="0.0" decayType="0" transform="0.251262 -0.967919 0.0 0.0 0.188793 0.0490089 -0.980793 0.0 0.949329 0.246437 0.195051 0.0 1956.92 1710.01 26.9708 1.0" fovInner="0.0872665" fovOuter="0.610865" shadowNear="0.1" shadowFlags="0" specular="true" texture="" onTime="16.0" offTime="18.0" isDynamic="false" isHarmonic="false" LightShaftOn="false" isBaked="false"  />
	<Light name="Wei_Key001" type="Spot" colorR="1.09137" colorG="0.685882" colorB="0.763529" decayRadius="3.0" decayPower="0.0" decayType="0" transform="0.996184 -0.0866125 0.010732 0.0 0.027357 0.193122 -0.980793 0.0 0.0828764 0.977344 0.194755 0.0 1960.53 1708.27 25.1298 1.0" fovInner="0.0872665" fovOuter="0.610865" shadowNear="0.1" shadowFlags="0" specular="true" texture="" onTime="16.0" offTime="18.0" isDynamic="false" isHarmonic="false" LightShaftOn="false" isBaked="false"  />
	<Light name="Player_Key001" type="Spot" colorR="1.09137" colorG="0.685882" colorB="0.763529" decayRadius="3.0" decayPower="0.0" decayType="0" transform="0.996184 -0.0866126 0.010732 0.0 0.027357 0.193122 -0.980793 0.0 0.0828764 0.977345 0.194755 0.0 1962.27 1709.1 25.1298 1.0" fovInner="0.0872665" fovOuter="0.610865" shadowNear="0.1" shadowFlags="0" specular="true" texture="" onTime="16.0" offTime="18.0" isDynamic="false" isHarmonic="false" LightShaftOn="false" isBaked="false"  />
	<Light name="Player_Key002" type="Spot" colorR="1.09137" colorG="0.685882" colorB="0.763529" decayRadius="3.0" decayPower="0.0" decayType="0" transform="0.996184 -0.086613 0.010732 0.0 0.0273571 0.193122 -0.980793 0.0 0.0828768 0.977345 0.194755 0.0 1929.11 1706.41 25.1298 1.0" fovInner="0.0872665" fovOuter="0.610865" shadowNear="0.1" shadowFlags="0" specular="true" texture="" onTime="16.0" offTime="18.0" isDynamic="false" isHarmonic="false" LightShaftOn="false" isBaked="false"  />
</LightGroup>
