<?xml version="1.0" encoding="utf-8"?>
<!-- Created by LightDumper -->

<LightGroup name="Hotswap">
	<Light name="SL_Safehouse030" type="Spot" colorR="0.367059" colorG="0.24" colorB="0.136471" decayRadius="9.0" decayPower="0.0" decayType="1" transform="0.24321 0.0885231 0.965926 0.0 -0.342025 0.939692 5.66244e-007 0.0 -0.907672 -0.33037 0.258819 0.0 818.435 1023.93 35.2441 1.0" fovInner="0.698132" fovOuter="0.785398" shadowNear="0.1" shadowFlags="1" specular="true" texture="Gob_Rectangle" onTime="0.0" offTime="24.0" isDynamic="true" isHarmonic="false" LightShaftOn="false" isBaked="false"  />
	<Light name="SL_Safehouse031" type="Spot" colorR="0.458824" colorG="0.392157" colorB="0.331373" decayRadius="12.0" decayPower="0.0" decayType="1" transform="0.0139577 0.0592711 0.998144 0.0 -0.720797 0.692452 -0.0310395 0.0 -0.693007 -0.719025 0.0523879 0.0 820.403 1018.14 35.6136 1.0" fovInner="0.349066" fovOuter="0.436332" shadowNear="0.1" shadowFlags="0" specular="true" texture="Gob_Rectangle" onTime="0.0" offTime="24.0" isDynamic="true" isHarmonic="false" LightShaftOn="false" isBaked="false"  />
	<Light name="SL_Safehouse22" type="Spot" colorR="1.03098" colorG="0.772157" colorB="0.565098" decayRadius="8.0" decayPower="0.0" decayType="1" transform="0.999999 3.20375e-007 2.1141e-007 0.0 2.19792e-007 0.5 0.866026 0.0 1.52737e-007 -0.866026 0.5 0.0 822.495 1017.2 36.5317 1.0" fovInner="0.0872665" fovOuter="0.436332" shadowNear="0.1" shadowFlags="0" specular="true" texture="Gob_Uncle_po_window" onTime="0.0" offTime="24.0" isDynamic="true" isHarmonic="false" LightShaftOn="false" isBaked="false"  />
	<Light name="SL_Safehouse032" type="Spot" colorR="1.03098" colorG="0.772157" colorB="0.565098" decayRadius="8.0" decayPower="0.0" decayType="1" transform="1.0 1.93715e-007 -1.2666e-007 0.0 0.0 0.5 0.866026 0.0 1.71363e-007 -0.866026 0.5 0.0 823.938 1017.2 36.5317 1.0" fovInner="0.0872665" fovOuter="0.436332" shadowNear="0.1" shadowFlags="0" specular="true" texture="Gob_Uncle_po_window" onTime="0.0" offTime="24.0" isDynamic="true" isHarmonic="false" LightShaftOn="false" isBaked="false"  />
</LightGroup>
