<?xml version="1.0" encoding="utf-8"?>
<!-- Created by LightDumper -->

<LightGroup name="Hotswap">
	<Light name="Fspot001" type="Spot" colorR="0.598431" colorG="0.581961" colorB="0.518824" decayRadius="8.0" decayPower="0.0" decayType="0" transform="0.0565927 0.03332 0.997841 0.0 0.316794 0.947197 -0.0495962 0.0 -0.946804 0.318917 0.0430485 0.0 -531.876 35.396 12.6205 1.0" fovInner="0.00872665" fovOuter="0.610865" shadowNear="0.1" shadowFlags="0" specular="true" texture="" onTime="0.0" offTime="24.0" isDynamic="false" isHarmonic="false" LightShaftOn="false" isBaked="false"  />
	<Light name="Fspot002" type="Spot" colorR="0.598431" colorG="0.581961" colorB="0.518824" decayRadius="8.0" decayPower="0.0" decayType="0" transform="0.0565925 0.0333202 0.997841 0.0 -0.78714 -0.613327 0.065123 0.0 0.614172 -0.789126 -0.00848264 0.0 -524.077 29.1338 12.6205 1.0" fovInner="0.00872665" fovOuter="0.610865" shadowNear="0.1" shadowFlags="0" specular="true" texture="" onTime="0.0" offTime="24.0" isDynamic="false" isHarmonic="false" LightShaftOn="false" isBaked="false"  />
	<Light name="Fspot003" type="Spot" colorR="0.17098" colorG="0.166275" colorB="0.148235" decayRadius="8.0" decayPower="0.0" decayType="0" transform="0.0565925 0.0333198 0.997841 0.0 0.940764 -0.336436 -0.042121 0.0 0.334306 0.941116 -0.0503863 0.0 -525.589 37.4408 12.6205 1.0" fovInner="0.00872665" fovOuter="0.610865" shadowNear="0.1" shadowFlags="0" specular="true" texture="" onTime="0.0" offTime="24.0" isDynamic="false" isHarmonic="false" LightShaftOn="false" isBaked="false"  />
	<Light name="Fspot004" type="Spot" colorR="0.598431" colorG="0.581961" colorB="0.518824" decayRadius="17.0" decayPower="0.0" decayType="0" transform="0.856595 -0.263256 0.443779 0.0 0.316795 0.947197 -0.0495961 0.0 -0.40729 0.183071 0.894763 0.0 -540.932 27.2696 19.0917 1.0" fovInner="0.00872665" fovOuter="0.872665" shadowNear="0.1" shadowFlags="1" specular="true" texture="" onTime="0.0" offTime="24.0" isDynamic="false" isHarmonic="false" LightShaftOn="false" isBaked="false"  />
</LightGroup>
