<?xml version="1.0" encoding="utf-8"?>
<!-- Created by LightDumper -->

<LightGroup name="Hotswap">
	<Light name="NIS_FILL" type="Spot" colorR="0.724706" colorG="0.778039" colorB="0.793726" decayRadius="30.0" decayPower="0.5" decayType="0" transform="0.075669 0.961253 -0.265079 0.0 -0.31706 0.275239 0.907588 0.0 0.945382 0.0153696 0.325602 0.0 791.289 1026.69 7.792 1.0" fovInner="0.0" fovOuter="0.785398" shadowNear="0.1" shadowFlags="0" specular="true" texture="" onTime="8.0" offTime="16.0" isDynamic="false" isHarmonic="false" LightShaftOn="false" isBaked="false"  />
	<Light name="NIS_RIM" type="Spot" colorR="0.7" colorG="0.7" colorB="0.617647" decayRadius="7.0" decayPower="1.0" decayType="0" transform="-0.0702391 -0.175124 -0.982038 0.0 0.928129 -0.372257 0.0 0.0 -0.36557 -0.911458 0.188685 0.0 780.664 1022.9 5.46243 1.0" fovInner="0.0" fovOuter="0.785398" shadowNear="0.1" shadowFlags="0" specular="true" texture="" onTime="0.0" offTime="24.0" isDynamic="false" isHarmonic="false" LightShaftOn="false" isBaked="false"  />
	<Light name="NIS_KEY" type="Spot" colorR="0.933333" colorG="0.741176" colorB="0.690196" decayRadius="10.0" decayPower="1.0" decayType="0" transform="0.0 0.0 -1.0 0.0 -0.415641 -0.909529 0.0 0.0 -0.909529 0.415641 0.0 0.0 775.276 1030.56 5.06682 1.0" fovInner="0.375246" fovOuter="0.785398" shadowNear="0.1" shadowFlags="0" specular="true" texture="" onTime="0.0" offTime="24.0" isDynamic="false" isHarmonic="false" LightShaftOn="false" isBaked="false"  />
</LightGroup>
