<?xml version="1.0" encoding="utf-8"?>
<!-- Created by LightDumper -->

<LightGroup name="Hotswap">
	<Light name="Fspot001" type="Spot" colorR="0.9" colorG="0.543529" colorB="0.402353" decayRadius="5.0" decayPower="0.0" decayType="0" transform="0.115916 -0.184081 -0.976052 0.0 0.846205 0.532858 0.0 0.0 0.520097 -0.82594 0.217537 0.0 -470.006 157.237 43.1997 1.0" fovInner="0.349066" fovOuter="0.567232" shadowNear="0.1" shadowFlags="0" specular="true" texture="" onTime="0.0" offTime="24.0" isDynamic="false" isHarmonic="false" LightShaftOn="false" isBaked="false"  />
	<Light name="Fspot002" type="Spot" colorR="0.8" colorG="0.483137" colorB="0.357647" decayRadius="6.0" decayPower="0.0" decayType="0" transform="0.191605 -0.103004 -0.976052 0.0 0.473502 0.880793 0.0 0.0 0.859699 -0.462163 0.217537 0.0 -468.088 160.422 42.9791 1.0" fovInner="0.00872665" fovOuter="0.610865" shadowNear="0.1" shadowFlags="0" specular="false" texture="" onTime="0.0" offTime="24.0" isDynamic="false" isHarmonic="false" LightShaftOn="false" isBaked="false"  />
	<Light name="EnviroSpot" type="Spot" colorR="1.6" colorG="0.966275" colorB="0.715294" decayRadius="15.0" decayPower="0.0" decayType="0" transform="0.274164 -0.833501 -0.479697 0.0 0.94928 0.314411 -0.00375884 0.0 0.153955 -0.454336 0.877426 0.0 -467.839 154.419 49.1726 1.0" fovInner="0.584685" fovOuter="0.654498" shadowNear="0.1" shadowFlags="1" specular="false" texture="Gob_RFL_pattern01" onTime="0.0" offTime="24.0" isDynamic="false" isHarmonic="false" LightShaftOn="false" isBaked="false"  />
</LightGroup>
