<?xml version="1.0" encoding="utf-8"?>
<!-- Created by LightDumper -->

<LightGroup name="Hotswap">
	<Light name="Fspot001" type="Spot" colorR="0.727843" colorG="0.680784" colorB="0.592941" decayRadius="8.0" decayPower="0.0" decayType="0" transform="0.425885 -0.904777 0.0 0.0 0.0453918 0.0213663 -0.998741 0.0 0.903638 0.425348 0.0501693 0.0 -265.679 644.782 131.727 1.0" fovInner="0.0" fovOuter="0.785398" shadowNear="0.1" shadowFlags="0" specular="true" texture="" onTime="0.0" offTime="24.0" isDynamic="false" isHarmonic="false" LightShaftOn="false" isBaked="false"  />
	<Light name="Fspot002" type="Spot" colorR="0.545882" colorG="0.510588" colorB="0.444706" decayRadius="8.0" decayPower="0.0" decayType="0" transform="0.641435 0.767177 0.0 0.0 -0.0384886 0.0321802 -0.998741 0.0 -0.766212 0.640627 0.0501693 0.0 -272.087 646.053 131.727 1.0" fovInner="0.0" fovOuter="0.785398" shadowNear="0.1" shadowFlags="0" specular="true" texture="" onTime="0.0" offTime="24.0" isDynamic="false" isHarmonic="false" LightShaftOn="false" isBaked="false"  />
	<Light name="Fspot003" type="Omni" colorR="0.636863" colorG="0.595686" colorB="0.518824" decayRadius="8.0" decayPower="1.0" decayType="0" transform="0.307909 -0.951416 0.0 0.0 0.0477316 0.0154475 -0.998741 0.0 0.950217 0.307522 0.0501694 0.0 -277.627 646.367 131.194 1.0" shadowFlags="0" specular="true" texture="" onTime="0.0" offTime="24.0" isDynamic="false" isHarmonic="false" LightShaftOn="false" isBaked="false"  />
	<Light name="Fspot004" type="Omni" colorR="0.636863" colorG="0.595686" colorB="0.518824" decayRadius="8.0" decayPower="1.0" decayType="0" transform="0.307909 -0.951416 0.0 0.0 0.0477316 0.0154475 -0.998741 0.0 0.950217 0.307522 0.0501694 0.0 -265.17 651.534 131.194 1.0" shadowFlags="0" specular="true" texture="" onTime="0.0" offTime="24.0" isDynamic="false" isHarmonic="false" LightShaftOn="false" isBaked="false"  />
	<Light name="Fspot005" type="Omni" colorR="0.636863" colorG="0.595686" colorB="0.518824" decayRadius="18.0" decayPower="1.0" decayType="0" transform="0.307909 -0.951416 0.0 0.0 0.0477316 0.0154475 -0.998741 0.0 0.950217 0.307522 0.0501694 0.0 -271.755 626.382 134.545 1.0" shadowFlags="0" specular="true" texture="" onTime="0.0" offTime="24.0" isDynamic="false" isHarmonic="false" LightShaftOn="false" isBaked="false"  />
	<Light name="Fspot006" type="Spot" colorR="0.272941" colorG="0.255294" colorB="0.222353" decayRadius="8.0" decayPower="0.0" decayType="0" transform="-0.993152 0.11683 0.0 0.0 -0.00586122 -0.0498255 -0.99874 0.0 -0.116683 -0.991901 0.0501693 0.0 -269.361 639.177 131.727 1.0" fovInner="0.0" fovOuter="0.785398" shadowNear="0.1" shadowFlags="0" specular="true" texture="" onTime="0.0" offTime="24.0" isDynamic="false" isHarmonic="false" LightShaftOn="false" isBaked="false"  />
</LightGroup>
