<?xml version="1.0" encoding="utf-8"?>
<!-- Created by LightDumper -->

<LightGroup name="Hotswap">
	<Light name="NL0" type="Spot" colorR="1.25" colorG="0.284314" colorB="0.284314" decayRadius="0.7" decayType="1" transform="0.953835 -0.29428 0.0599692 0.0 0.192367 0.445308 -0.874469 0.0 0.230634 0.845635 0.481361 0.0 1022.36 -245.597 30.5691 1.0" fovInner="0.0" fovOuter="0.523599" shadowNear="0.1" shadowFlags="0" specular="false" texture="" onTime="0.0" offTime="24.0" isDynamic="true" isHarmonic="undefined"  />
	<Light name="NL1" type="Spot" colorR="0.8" colorG="0.762353" colorB="0.602353" decayRadius="0.5" decayType="1" transform="-0.99199 -0.0909036 -0.0877079 0.0 0.125699 -0.641746 -0.756546 0.0 0.0124866 -0.761511 0.648032 0.0 1021.81 -249.32 30.0749 1.0" fovInner="0.0" fovOuter="0.698132" shadowNear="0.1" shadowFlags="1" specular="false" texture="" onTime="0.0" offTime="24.0" isDynamic="true" isHarmonic="undefined"  />
	<Light name="NL2" type="Omni" colorR="2.0" colorG="1.90588" colorB="1.50588" decayRadius="0.04" decayType="1" transform="0.671169 0.741304 0.0 0.0 -0.741305 0.671169 0.0 0.0 2.08616e-007 0.0 1.0 0.0 1022.2 -248.907 29.5575 1.0" shadowFlags="0" specular="false" texture="" onTime="0.0" offTime="24.0" isDynamic="true" isHarmonic="undefined"  />
	<Light name="NL3" type="Omni" colorR="0.8" colorG="0.181961" colorB="0.181961" decayRadius="0.7" decayType="1" transform="0.953835 -0.29428 0.0599692 0.0 0.192367 0.445308 -0.874469 0.0 0.230634 0.845635 0.481361 0.0 1022.87 -244.537 29.5747 1.0" shadowFlags="0" specular="false" texture="" onTime="0.0" offTime="24.0" isDynamic="true" isHarmonic="undefined"  />
</LightGroup>
