<?xml version="1.0" encoding="utf-8"?>
<!-- Created by LightDumper -->

<LightGroup name="Hotswap">
	<Light name="NIS_SL_RIM_FILL_DAY" type="Spot" colorR="0.5" colorG="0.360784" colorB="0.356863" decayRadius="20.0" decayPower="0.5" decayType="1" transform="0.97633 -0.212674 -0.0393612 0.0 -0.0937004 -0.579931 0.809256 0.0 -0.194934 -0.786415 -0.586132 0.0 -161.936 -455.131 3.58633 1.0" fovInner="0.698132" fovOuter="0.715585" shadowNear="0.1" shadowFlags="0" specular="true" texture="" onTime="6.0" offTime="18.0" isDynamic="true" isHarmonic="false" LightShaftOn="false" isBaked="false"  />
	<Light name="NIS_SL_KEY_DAY" type="Spot" colorR="0.8" colorG="0.793726" colorB="0.778039" decayRadius="10.0" decayPower="1.0" decayType="1" transform="0.198388 -0.946999 -0.252663 0.0 0.770208 -0.00879785 0.637734 0.0 -0.606154 -0.321122 0.727639 0.0 -160.434 -459.321 8.84804 1.0" fovInner="0.698132" fovOuter="1.0472" shadowNear="0.1" shadowFlags="0" specular="false" texture="" onTime="6.0" offTime="18.0" isDynamic="true" isHarmonic="false" LightShaftOn="false" isBaked="false"  />
	<Light name="NIS_SL_RIM_DAY" type="Spot" colorR="0.961961" colorG="1.02667" colorB="1.1" decayRadius="7.0" decayPower="0.5" decayType="1" transform="-0.181478 0.983394 1.49012e-007 0.0 0.382147 0.0705236 0.921406 0.0 0.906106 0.167214 -0.388599 0.0 -151.493 -458.116 5.16506 1.0" fovInner="0.436332" fovOuter="1.309" shadowNear="0.1" shadowFlags="0" specular="true" texture="" onTime="6.0" offTime="18.0" isDynamic="true" isHarmonic="false" LightShaftOn="false" isBaked="false"  />
	<Light name="NIS_SL_RIM_FILL" type="Spot" colorR="0.5" colorG="0.480392" colorB="0.394118" decayRadius="20.0" decayPower="0.5" decayType="1" transform="0.976331 -0.212674 -0.0393612 0.0 -0.0937005 -0.579931 0.809256 0.0 -0.194934 -0.786415 -0.586132 0.0 -161.942 -455.112 3.58633 1.0" fovInner="0.698132" fovOuter="0.715585" shadowNear="0.1" shadowFlags="0" specular="true" texture="" onTime="18.0" offTime="6.0" isDynamic="true" isHarmonic="false" LightShaftOn="false" isBaked="false"  />
	<Light name="NIS_SL_RIM" type="Spot" colorR="0.762353" colorG="1.19529" colorB="1.2" decayRadius="7.0" decayPower="0.5" decayType="1" transform="-0.494848 0.834275 0.243123 0.0 0.577348 0.106546 0.809516 0.0 0.649456 0.540954 -0.534391 0.0 -152.604 -457.528 5.744 1.0" fovInner="0.436332" fovOuter="1.309" shadowNear="0.1" shadowFlags="0" specular="true" texture="" onTime="18.0" offTime="6.0" isDynamic="true" isHarmonic="false" LightShaftOn="false" isBaked="false"  />
	<Light name="NIS_SL_KEY" type="Spot" colorR="0.395294" colorG="0.332549" colorB="0.301177" decayRadius="10.0" decayPower="0.0" decayType="1" transform="0.198388 -0.946999 -0.252663 0.0 0.770208 -0.00879785 0.637734 0.0 -0.606154 -0.321122 0.727639 0.0 -160.434 -459.321 8.84804 1.0" fovInner="0.698132" fovOuter="1.0472" shadowNear="0.1" shadowFlags="0" specular="true" texture="" onTime="18.0" offTime="6.0" isDynamic="true" isHarmonic="false" LightShaftOn="false" isBaked="false"  />
</LightGroup>
