<?xml version="1.0" encoding="utf-8"?>
<!-- Created by LightDumper -->

<LightGroup name="Hotswap">
	<Light name="Fspot003" type="Spot" colorR="0.72" colorG="0.666353" colorB="0.573177" decayRadius="5.0" decayPower="0.0" decayType="0" transform="-0.29549 -0.134784 0.94579 0.0 0.415004 -0.909819 0.0 0.0 0.860498 0.392506 0.324779 0.0 -90.9165 1021.52 19.4436 1.0" fovInner="0.0" fovOuter="0.680678" shadowNear="0.1" shadowFlags="0" specular="true" texture="" onTime="0.0" offTime="24.0" isDynamic="false" isHarmonic="false" LightShaftOn="false" isBaked="false"  />
	<Light name="Fspot002" type="Spot" colorR="0.55" colorG="0.50902" colorB="0.437843" decayRadius="12.0" decayPower="0.0" decayType="0" transform="0.299916 0.124626 0.94579 0.0 -0.383726 0.923448 0.0 0.0 -0.873387 -0.362924 0.324779 0.0 -97.2871 1018.51 19.0082 1.0" fovInner="0.0" fovOuter="0.872665" shadowNear="0.1" shadowFlags="0" specular="true" texture="" onTime="0.0" offTime="24.0" isDynamic="false" isHarmonic="false" LightShaftOn="false" isBaked="false"  />
	<Light name="omni002" type="Omni" colorR="0.2" colorG="0.182745" colorB="0.155294" decayRadius="3.0" decayPower="1.0" decayType="0" transform="0.256812 -0.198818 0.94579 0.0 0.612164 0.790732 0.0 0.0 -0.747866 0.578978 0.324778 0.0 -93.4933 1018.41 18.1041 1.0" shadowFlags="0" specular="false" texture="" onTime="0.0" offTime="24.0" isDynamic="false" isHarmonic="false" LightShaftOn="false" isBaked="false"  />
	<Light name="Fspot001" type="Spot" colorR="0.55" colorG="0.50902" colorB="0.437843" decayRadius="16.0" decayPower="0.0" decayType="0" transform="0.256812 -0.198818 0.94579 0.0 0.612164 0.790732 0.0 0.0 -0.747866 0.578978 0.324778 0.0 -96.7233 1020.56 19.0082 1.0" fovInner="0.0" fovOuter="0.872665" shadowNear="0.1" shadowFlags="1" specular="true" texture="" onTime="0.0" offTime="24.0" isDynamic="false" isHarmonic="false" LightShaftOn="false" isBaked="false"  />
</LightGroup>
