<?xml version="1.0" encoding="utf-8"?>
<!-- Created by LightDumper -->

<LightGroup name="Hotswap">
	<Light name="NL0" type="Spot" colorR="0.0" colorG="0.0" colorB="0.0" decayRadius="2.0" decayType="1" transform="-0.330945 0.545289 -0.770152 0.0 0.0938729 -0.793069 -0.601854 0.0 -0.938969 -0.271477 0.211275 0.0 -75.1081 1092.49 19.5684 1.0" fovInner="0.0" fovOuter="0.872665" shadowNear="0.1" shadowFlags="0" specular="false" texture="" onTime="0.0" offTime="24.0" isDynamic="true" isHarmonic="undefined"  />
	<Light name="NL1" type="Spot" colorR="0.0" colorG="0.0" colorB="0.0" decayRadius="2.0" decayType="1" transform="-0.3513 -0.0957055 -0.931358 0.0 -0.470891 0.877851 0.0874083 0.0 0.809229 0.469274 -0.353456 0.0 -69.2599 1095.29 17.5078 1.0" fovInner="0.0" fovOuter="0.872665" shadowNear="0.1" shadowFlags="0" specular="false" texture="" onTime="0.0" offTime="24.0" isDynamic="true" isHarmonic="undefined"  />
	<Light name="NL2" type="Spot" colorR="0.0" colorG="0.0" colorB="0.0" decayRadius="2.0" decayType="1" transform="0.199062 -0.219448 -0.9551 0.0 0.664874 0.746231 -0.0328839 0.0 0.719942 -0.628476 0.294452 0.0 -69.6691 1090.42 19.8772 1.0" fovInner="0.0" fovOuter="0.872665" shadowNear="0.1" shadowFlags="0" specular="false" texture="" onTime="0.0" offTime="24.0" isDynamic="true" isHarmonic="undefined"  />
	<Light name="NL3" type="Spot" colorR="0.0" colorG="0.0" colorB="0.0" decayRadius="2.0" decayType="1" transform="-0.93689 0.347381 -0.0395169 0.0 -0.0579791 -0.265834 -0.962273 0.0 -0.344781 -0.899254 0.269199 0.0 -73.746 1088.28 19.7699 1.0" fovInner="0.0" fovOuter="0.872665" shadowNear="0.1" shadowFlags="0" specular="false" texture="" onTime="0.0" offTime="24.0" isDynamic="true" isHarmonic="undefined"  />
	<Light name="NL4" type="Spot" colorR="0.0" colorG="0.0" colorB="0.0" decayRadius="2.0" decayType="1" transform="-0.0210555 -0.672321 -0.73996 0.0 -0.926117 0.291945 -0.238906 0.0 0.37665 0.68026 -0.628794 0.0 -70.1583 1095.87 15.717 1.0" fovInner="0.0" fovOuter="0.872665" shadowNear="0.1" shadowFlags="0" specular="false" texture="" onTime="0.0" offTime="24.0" isDynamic="true" isHarmonic="undefined"  />
	<Light name="NL5" type="Spot" colorR="0.0" colorG="0.0" colorB="0.0" decayRadius="2.0" decayType="1" transform="0.126927 0.542049 -0.830706 0.0 -0.896263 -0.296135 -0.330177 0.0 -0.424973 0.786439 0.448232 0.0 -73.9714 1095.47 19.1341 1.0" fovInner="0.0" fovOuter="0.872665" shadowNear="0.1" shadowFlags="0" specular="false" texture="" onTime="0.0" offTime="24.0" isDynamic="true" isHarmonic="undefined"  />
	<Light name="NL6" type="Spot" colorR="0.0" colorG="0.0" colorB="0.0" decayRadius="2.0" decayType="1" transform="-0.260377 -0.612616 -0.746261 0.0 0.795445 0.301974 -0.525432 0.0 0.54724 -0.73042 0.408675 0.0 -69.1122 1089.35 19.8771 1.0" fovInner="0.0" fovOuter="0.872665" shadowNear="0.1" shadowFlags="0" specular="false" texture="" onTime="0.0" offTime="24.0" isDynamic="true" isHarmonic="undefined"  />
	<Light name="NL7" type="Spot" colorR="0.0" colorG="0.0" colorB="0.0" decayRadius="2.0" decayType="1" transform="0.112185 -0.214084 -0.970352 0.0 -0.579411 0.779234 -0.238906 0.0 0.807278 0.589034 -0.0366239 0.0 -68.7667 1095.52 18.3082 1.0" fovInner="0.0" fovOuter="0.872665" shadowNear="0.1" shadowFlags="0" specular="false" texture="" onTime="0.0" offTime="24.0" isDynamic="true" isHarmonic="undefined"  />
	<Light name="NL8" type="Spot" colorR="0.0" colorG="0.0" colorB="0.0" decayRadius="1.0" decayType="1" transform="0.572929 -0.404012 -0.713111 0.0 -0.069654 0.842917 -0.533516 0.0 0.81664 0.355337 0.454791 0.0 -70.9424 1093.03 18.9715 1.0" fovInner="0.0" fovOuter="0.610865" shadowNear="0.1" shadowFlags="0" specular="false" texture="" onTime="0.0" offTime="24.0" isDynamic="true" isHarmonic="undefined"  />
	<Light name="NL9" type="Spot" colorR="0.0" colorG="0.0" colorB="0.0" decayRadius="1.0" decayType="1" transform="0.186102 0.337583 -0.922715 0.0 0.330866 -0.905804 -0.264664 0.0 -0.925145 -0.256042 -0.280266 0.0 -74.882 1091.65 17.3256 1.0" fovInner="0.0" fovOuter="0.349066" shadowNear="0.1" shadowFlags="0" specular="false" texture="" onTime="0.0" offTime="24.0" isDynamic="true" isHarmonic="undefined"  />
	<Light name="NL10" type="Spot" colorR="0.0" colorG="0.0" colorB="0.0" decayRadius="1.0" decayType="1" transform="-0.42223 0.159073 -0.892422 0.0 0.747922 0.617386 -0.243816 0.0 0.512184 -0.770409 -0.379653 0.0 -71.1044 1092.15 17.0976 1.0" fovInner="0.0" fovOuter="0.610865" shadowNear="0.1" shadowFlags="0" specular="false" texture="" onTime="0.0" offTime="24.0" isDynamic="true" isHarmonic="undefined"  />
	<Light name="NL11" type="Spot" colorR="0.0" colorG="0.0" colorB="0.0" decayRadius="2.0" decayType="1" transform="0.0615242 -0.523608 -0.849735 0.0 0.406095 0.790828 -0.457906 0.0 0.911758 -0.3169 0.26129 0.0 -68.1574 1091.1 19.984 1.0" fovInner="0.0" fovOuter="0.872665" shadowNear="0.1" shadowFlags="0" specular="false" texture="" onTime="0.0" offTime="24.0" isDynamic="true" isHarmonic="undefined"  />
	<Light name="NL12" type="Spot" colorR="0.0" colorG="0.0" colorB="0.0" decayRadius="2.0" decayType="1" transform="0.357112 -0.0361097 -0.933363 0.0 -0.656138 0.701497 -0.278183 0.0 0.664797 0.711757 0.226821 0.0 -69.2539 1095.41 20.1194 1.0" fovInner="0.0" fovOuter="0.872665" shadowNear="0.1" shadowFlags="0" specular="false" texture="" onTime="0.0" offTime="24.0" isDynamic="true" isHarmonic="undefined"  />
	<Light name="NL13" type="Spot" colorR="1.42157" colorG="1.64706" colorB="2.5" decayRadius="2.0" decayType="1" transform="0.273347 -0.232626 -0.933363 0.0 -0.14134 0.950072 -0.278183 0.0 0.951475 0.207961 0.226821 0.0 -64.5984 1092.55 20.1194 1.0" fovInner="0.0" fovOuter="0.872665" shadowNear="0.1" shadowFlags="0" specular="false" texture="" onTime="0.0" offTime="24.0" isDynamic="true" isHarmonic="undefined"  />
	<Light name="NL14" type="Spot" colorR="3.65" colorG="2.96294" colorB="3.12039" decayRadius="2.5" decayType="1" transform="0.514856 -0.681688 -0.519831 0.0 0.594019 0.720888 -0.357014 0.0 0.618113 -0.124979 0.77609 0.0 -75.1826 1088.64 25.922 1.0" fovInner="0.0" fovOuter="1.09083" shadowNear="0.1" shadowFlags="0" specular="false" texture="" onTime="0.0" offTime="24.0" isDynamic="true" isHarmonic="undefined"  />
	<Light name="NL15" type="Spot" colorR="3.65" colorG="2.96294" colorB="3.12039" decayRadius="2.5" decayType="1" transform="0.514856 -0.681688 -0.519831 0.0 0.594019 0.720888 -0.357014 0.0 0.618113 -0.124979 0.77609 0.0 -75.1828 1083.46 25.922 1.0" fovInner="0.0" fovOuter="1.09083" shadowNear="0.1" shadowFlags="0" specular="false" texture="" onTime="0.0" offTime="24.0" isDynamic="true" isHarmonic="undefined"  />
	<Light name="NL16" type="Spot" colorR="3.65" colorG="2.96294" colorB="3.12039" decayRadius="2.5" decayType="1" transform="0.514856 -0.681688 -0.519831 0.0 0.594019 0.720888 -0.357014 0.0 0.618113 -0.124979 0.77609 0.0 -75.1831 1078.63 25.922 1.0" fovInner="0.0" fovOuter="1.09083" shadowNear="0.1" shadowFlags="0" specular="false" texture="" onTime="0.0" offTime="24.0" isDynamic="true" isHarmonic="undefined"  />
	<Light name="NL17" type="Spot" colorR="4.0" colorG="3.24706" colorB="2.27451" decayRadius="2.0" decayType="1" transform="-0.104476 -0.516754 -0.849735 0.0 0.632034 0.625184 -0.457906 0.0 0.767866 -0.584902 0.261289 0.0 -65.1323 1088.11 20.023 1.0" fovInner="0.0" fovOuter="0.872665" shadowNear="0.1" shadowFlags="0" specular="false" texture="" onTime="0.0" offTime="24.0" isDynamic="true" isHarmonic="undefined"  />
</LightGroup>
