<?xml version="1.0" encoding="utf-8"?>
<!-- Created by LightDumper -->

<LightGroup name="Hotswap">
	<Light name="NIS_RIM" type="Spot" colorR="0.741177" colorG="0.9" colorB="0.847059" decayRadius="8.0" decayPower="0.0" decayType="0" transform="-0.00813126 -0.00316622 -0.999962 0.0 -0.931966 -0.362444 0.00872598 0.0 -0.362456 0.932001 -3.7076e-006 0.0 1230.41 -133.633 10.8917 1.0" fovInner="0.375246" fovOuter="0.523599" shadowNear="0.1" shadowFlags="1" specular="true" texture="" onTime="18.0" offTime="6.0" isDynamic="false" isHarmonic="false" LightShaftOn="false" isBaked="false"  />
	<Light name="NIS_KEY" type="Spot" colorR="0.778628" colorG="0.938824" colorB="0.812157" decayRadius="7.0" decayPower="0.0" decayType="0" transform="0.0299518 0.378885 0.924958 0.0 0.998513 -0.0534947 -0.0104198 0.0 0.0455323 0.923895 -0.379924 0.0 1237.83 -138.959 11.4738 1.0" fovInner="0.698132" fovOuter="0.959931" shadowNear="0.1" shadowFlags="0" specular="true" texture="" onTime="18.0" offTime="6.0" isDynamic="false" isHarmonic="false" LightShaftOn="false" isBaked="false"  />
	<Light name="NIS_AUX" type="Spot" colorR="0.862745" colorG="0.898039" colorB="0.890196" decayRadius="12.0" decayPower="0.0" decayType="1" transform="0.442654 0.190676 0.876185 0.0 -0.839369 -0.25565 0.47969 0.0 0.315462 -0.94778 0.046883 0.0 1238.42 -152.26 10.3108 1.0" fovInner="0.392699" fovOuter="0.567232" shadowNear="0.1" shadowFlags="1" specular="true" texture="gob_strip" onTime="18.0" offTime="6.0" isDynamic="true" isHarmonic="false" LightShaftOn="false" isBaked="false"  />
	<Light name="NIS_RED_AMB" type="Omni" colorR="0.230588" colorG="0.112941" colorB="0.107059" decayRadius="15.0" decayPower="0.0" decayType="1" transform="-0.229648 -0.405548 -0.884756 0.0 0.769926 -0.63179 0.0897526 0.0 -0.595379 -0.660584 0.457331 0.0 1225.96 -149.368 15.5848 1.0" shadowFlags="0" specular="true" texture="gob_strip" onTime="18.0" offTime="6.0" isDynamic="true" isHarmonic="false" LightShaftOn="false" isBaked="false"  />
</LightGroup>
