<?xml version="1.0" encoding="utf-8"?>
<!-- Created by LightDumper -->

<LightGroup name="Hotswap">
	<Light name="CUSTOM_SL_SPOT_01" type="Spot" colorR="0.7" colorG="0.697255" colorB="0.697255" decayRadius="6.0" decayPower="0.0" decayType="0" transform="-0.994653 0.0799835 0.0653269 0.0 -0.067675 -0.0270043 -0.997342 0.0 -0.0780068 -0.99643 0.0322728 0.0 896.859 -133.071 23.6462 1.0" fovInner="0.0" fovOuter="0.654498" shadowNear="0.1" shadowFlags="0" specular="true" texture="" onTime="0.0" offTime="24.0" isDynamic="false" isHarmonic="false" LightShaftOn="false" isBaked="false"  />
	<Light name="CUSTOM_SL_SPOT_002" type="Spot" colorR="0.7" colorG="0.697255" colorB="0.697255" decayRadius="6.0" decayPower="0.0" decayType="0" transform="-0.478024 -0.876161 -0.0619226 0.0 0.0634109 0.0358907 -0.997342 0.0 0.876055 -0.48068 0.0384015 0.0 902.554 -131.838 23.5714 1.0" fovInner="0.0" fovOuter="0.654498" shadowNear="0.1" shadowFlags="0" specular="true" texture="" onTime="0.0" offTime="24.0" isDynamic="false" isHarmonic="false" LightShaftOn="false" isBaked="false"  />
	<Light name="CUSTOM_SL_SPOT_003" type="Spot" colorR="0.5" colorG="0.498039" colorB="0.498039" decayRadius="12.0" decayPower="0.0" decayType="0" transform="-0.994653 0.101014 -0.0214765 0.0 -0.0676765 -0.794651 -0.603282 0.0 -0.0780064 -0.598602 0.797239 0.0 883.287 -128.727 26.9784 1.0" fovInner="0.0" fovOuter="0.654498" shadowNear="0.1" shadowFlags="1" specular="true" texture="" onTime="0.0" offTime="24.0" isDynamic="false" isHarmonic="false" LightShaftOn="false" isBaked="false"  />
	<Light name="CUSTOM_SL_SPOT_004" type="Spot" colorR="0.4" colorG="0.398431" colorB="0.398431" decayRadius="6.0" decayPower="0.0" decayType="0" transform="0.988627 -0.137048 -0.0619228 0.0 -0.0560077 0.0466074 -0.997342 0.0 0.13957 0.989467 0.0384015 0.0 897.682 -125.562 23.5714 1.0" fovInner="0.0" fovOuter="0.654498" shadowNear="0.1" shadowFlags="0" specular="true" texture="" onTime="0.0" offTime="24.0" isDynamic="false" isHarmonic="false" LightShaftOn="false" isBaked="false"  />
</LightGroup>
