<?xml version="1.0" encoding="utf-8"?>
<!-- Created by LightDumper -->

<LightGroup name="Hotswap">
	<Light name="Office_Fill003" type="Omni" colorR="0.144706" colorG="0.0658824" colorB="0.0841177" decayRadius="8.0" decayPower="0.0" decayType="0" transform="1.0 0.0 0.0 0.0 0.0 1.0 0.0 0.0 0.0 0.0 1.0 0.0 916.208 76.2091 29.7006 1.0" shadowFlags="0" specular="false" texture="" onTime="0.0" offTime="24.0" isDynamic="false" isHarmonic="false" LightShaftOn="false" isBaked="false"  />
	<Light name="Office_Fill002" type="Omni" colorR="0.144706" colorG="0.0658824" colorB="0.0841177" decayRadius="8.0" decayPower="0.0" decayType="0" transform="1.0 0.0 0.0 0.0 0.0 1.0 0.0 0.0 0.0 0.0 1.0 0.0 914.841 81.2591 29.7006 1.0" shadowFlags="0" specular="false" texture="" onTime="0.0" offTime="24.0" isDynamic="false" isHarmonic="false" LightShaftOn="false" isBaked="false"  />
	<Light name="NIS_ENV_LAMP001" type="Spot" colorR="0.550588" colorG="0.6" colorB="0.6" decayRadius="5.0" decayPower="0.0" decayType="0" transform="-0.097614 0.0417868 0.994346 0.0 0.393536 0.919309 -3.8743e-007 0.0 -0.914112 0.391311 -0.106182 0.0 911.502 76.082 30.9947 1.0" fovInner="0.523599" fovOuter="0.785398" shadowNear="0.1" shadowFlags="0" specular="true" texture="" onTime="0.0" offTime="24.0" isDynamic="false" isHarmonic="false" LightShaftOn="false" isBaked="false"  />
	<Light name="NIS_TV" type="Spot" colorR="0.8" colorG="0.746667" colorB="0.759216" decayRadius="7.3" decayPower="0.0" decayType="0" transform="0.0422843 0.0107097 0.99905 0.0 -0.912455 0.40775 0.0342482 0.0 -0.406995 -0.913032 0.0270135 0.0 914.863 74.0893 29.7847 1.0" fovInner="0.698132" fovOuter="0.785398" shadowNear="0.1" shadowFlags="0" specular="true" texture="" onTime="0.0" offTime="24.0" isDynamic="false" isHarmonic="false" LightShaftOn="false" isBaked="false"  />
	<Light name="NIS_ENV_LAMP" type="Spot" colorR="1.0" colorG="1.0" colorB="0.866667" decayRadius="8.0" decayPower="2.0" decayType="0" transform="0.496359 -0.558208 0.664855 0.0 0.747292 0.664494 4.17233e-007 0.0 -0.441792 0.496842 0.746972 0.0 912.881 81.9843 30.6968 1.0" fovInner="0.261799" fovOuter="0.698132" shadowNear="0.1" shadowFlags="0" specular="true" texture="" onTime="0.0" offTime="24.0" isDynamic="false" isHarmonic="false" LightShaftOn="false" isBaked="false"  />
	<Light name="NIS_AMB_RED" type="Spot" colorR="0.8" colorG="0.505098" colorB="0.527059" decayRadius="8.0" decayPower="0.0" decayType="0" transform="-0.0589829 -0.0142231 0.998157 0.0 0.891858 0.448444 0.0590914 0.0 -0.448459 0.893699 -0.0137656 0.0 916.401 83.3379 29.5193 1.0" fovInner="0.698132" fovOuter="0.785398" shadowNear="0.1" shadowFlags="0" specular="true" texture="" onTime="0.0" offTime="24.0" isDynamic="false" isHarmonic="false" LightShaftOn="false" isBaked="false"  />
	<Light name="NIS_TANK" type="Spot" colorR="1.82353" colorG="2.07059" colorB="2.47059" decayRadius="20.0" decayPower="2.0" decayType="0" transform="0.304542 0.203582 -0.930489 0.0 -0.55575 0.831348 -2.21282e-006 0.0 0.77356 0.51712 0.366321 0.0 924.567 77.7074 31.5289 1.0" fovInner="0.0" fovOuter="0.610865" shadowNear="0.1" shadowFlags="0" specular="false" texture="" onTime="0.0" offTime="24.0" isDynamic="false" isHarmonic="false" LightShaftOn="false" isBaked="false"  />
	<Light name="NIS_ENV_TV" type="Omni" colorR="1.2" colorG="1.2" colorB="1.02118" decayRadius="2.0" decayPower="0.0" decayType="0" transform="1.0 0.0 0.0 0.0 0.0 1.0 0.0 0.0 0.0 0.0 1.0 0.0 912.941 81.9194 30.4104 1.0" shadowFlags="0" specular="true" texture="" onTime="0.0" offTime="24.0" isDynamic="false" isHarmonic="false" LightShaftOn="false" isBaked="false"  />
</LightGroup>
