<?xml version="1.0" encoding="utf-8"?>
<!-- Created by LightDumper -->

<LightGroup name="Hotswap">
	<Light name="NL0" type="Spot" colorR="1.3" colorG="1.22353" colorB="0.708627" decayRadius="15.0" decayPower="0.0" decayType="0" transform="0.39276 -0.465498 -0.793127 0.0 0.764295 0.644867 0.0 0.0 0.511462 -0.606183 0.609056 0.0 1013.21 -254.745 30.9593 1.0" fovInner="0.0" fovOuter="0.698132" shadowNear="0.1" shadowFlags="1" specular="false" texture="" onTime="18.0" offTime="6.0" isDynamic="false" isHarmonic="false" LightShaftOn="false" isBaked="false"  />
	<Light name="NL1" type="Omni" colorR="0.5" colorG="0.264706" colorB="0.201961" decayRadius="4.0" decayPower="1.0" decayType="0" transform="0.490869 -0.36055 -0.793127 0.0 0.591982 0.805951 0.0 0.0 0.639222 -0.469517 0.609056 0.0 1008.27 -249.349 29.2487 1.0" shadowFlags="0" specular="true" texture="" onTime="18.0" offTime="6.0" isDynamic="false" isHarmonic="false" LightShaftOn="false" isBaked="false"  />
	<Light name="NL2" type="Spot" colorR="0.952941" colorG="0.737255" colorB="0.498039" decayRadius="20.0" decayPower="0.0" decayType="1" transform="-0.752178 -0.595104 0.282983 0.0 0.657668 -0.704839 0.265846 0.0 0.0412517 0.386073 0.921545 0.0 1011.52 -250.213 38.6862 1.0" fovInner="0.0" fovOuter="0.785398" shadowNear="0.1" shadowFlags="0" specular="false" texture="" onTime="18.0" offTime="6.0" isDynamic="true" isHarmonic="false" LightShaftOn="false" isBaked="false"  />
</LightGroup>
