<?xml version="1.0" encoding="utf-8"?>
<!-- Created by LightDumper -->

<LightGroup name="Hotswap">
	<Light name="Fspot001" type="Spot" colorR="0.8" colorG="0.8" colorB="0.8" decayRadius="8.0" decayPower="0.0" decayType="0" transform="0.724023 0.687678 -0.0537476 0.0 -0.346179 0.429659 0.833999 0.0 0.596616 -0.585229 0.549141 0.0 1418.92 -517.384 10.6355 1.0" fovInner="0.0" fovOuter="0.392699" shadowNear="0.1" shadowFlags="0" specular="true" texture="" onTime="0.0" offTime="24.0" isDynamic="false" isHarmonic="false" LightShaftOn="false" isBaked="false"  />
	<Light name="omni_01" type="Spot" colorR="0.198823" colorG="0.238824" colorB="0.3" decayRadius="0.8" decayPower="0.0" decayType="0" transform="-0.843836 0.536601 -2.38419e-007 0.0 -0.351695 -0.553061 0.755271 0.0 0.405279 0.637325 0.655413 0.0 1416.17 -516.395 7.35051 1.0" fovInner="0.0" fovOuter="1.0472" shadowNear="0.1" shadowFlags="0" specular="true" texture="" onTime="18.0" offTime="6.0" isDynamic="false" isHarmonic="false" LightShaftOn="false" isBaked="false"  />
	<Light name="omni_002" type="Omni" colorR="0.8" colorG="0.8" colorB="0.8" decayRadius="3.0" decayPower="1.0" decayType="0" transform="-0.256634 0.966509 -1.67638e-007 0.0 -0.633462 -0.168201 0.75527 0.0 0.729976 0.193829 0.655413 0.0 1415.66 -514.19 9.57769 1.0" shadowFlags="0" specular="true" texture="" onTime="0.0" offTime="24.0" isDynamic="false" isHarmonic="false" LightShaftOn="false" isBaked="false"  />
</LightGroup>
