<?xml version="1.0" encoding="utf-8"?>
<!-- Created by LightDumper -->

<LightGroup name="Hotswap">
	<Light name="NIS_KEY" type="Spot" colorR="1.0" colorG="1.0" colorB="0.94902" decayRadius="15.0" decayPower="0.0" decayType="0" transform="0.504228 -0.0921667 -0.858638 0.0 0.516518 -0.764642 0.385398 0.0 -0.692072 -0.637831 -0.337948 0.0 -1565.33 -1567.73 2.91849 1.0" fovInner="0.0436332" fovOuter="0.785398" shadowNear="0.1" shadowFlags="1" specular="true" texture="" onTime="18.0" offTime="6.0" isDynamic="false" isHarmonic="false" LightShaftOn="false" isBaked="false"  />
	<Light name="NIS_RIM" type="Spot" colorR="0.5" colorG="0.37451" colorB="0.105882" decayRadius="8.0" decayPower="0.0" decayType="0" transform="1.0 0.0 0.0 0.0 0.0 -0.00872665 -0.999962 0.0 0.0 0.999962 -0.00872665 0.0 -1562.81 -1551.15 6.68346 1.0" fovInner="0.375246" fovOuter="0.392699" shadowNear="0.1" shadowFlags="0" specular="true" texture="" onTime="18.0" offTime="6.0" isDynamic="false" isHarmonic="false" LightShaftOn="false" isBaked="false"  />
	<Light name="NIS_FILL" type="Spot" colorR="0.607843" colorG="0.741176" colorB="0.768628" decayRadius="8.0" decayPower="0.0" decayType="0" transform="-0.190238 -0.981738 0.0 0.0 -0.034262 0.00663919 0.999392 0.0 -0.981142 0.190122 -0.0348992 0.0 -1569.74 -1556.9 6.68346 1.0" fovInner="0.261799" fovOuter="0.523599" shadowNear="0.1" shadowFlags="0" specular="true" texture="" onTime="18.0" offTime="6.0" isDynamic="false" isHarmonic="false" LightShaftOn="false" isBaked="false"  />
	<Light name="NIS_Police_Light_BLUE" type="Spot" colorR="0.147451" colorG="0.376471" colorB="0.8" decayRadius="15.0" decayPower="0.0" decayType="0" transform="0.960035 0.279878 -0.00047295 0.0 -0.00687118 0.0252587 0.999658 0.0 0.279794 -0.959704 0.0261723 0.0 -1566.09 -1567.24 6.67976 1.0" fovInner="0.174533" fovOuter="0.523599" shadowNear="0.1" shadowFlags="1" specular="false" texture="" onTime="18.0" offTime="6.0" isDynamic="false" isHarmonic="false" LightShaftOn="false" isBaked="false"  />
	<Light name="NIS_Police_Light_RED" type="Spot" colorR="0.8" colorG="0.0" colorB="0.0" decayRadius="15.0" decayPower="0.0" decayType="0" transform="-0.964932 -0.262498 0.0 0.0 -0.00687181 0.0252605 0.999657 0.0 -0.262407 0.964602 -0.0261785 0.0 -1566.38 -1566.09 6.67976 1.0" fovInner="0.174533" fovOuter="0.523599" shadowNear="0.1" shadowFlags="1" specular="false" texture="" onTime="18.0" offTime="6.0" isDynamic="false" isHarmonic="false" LightShaftOn="false" isBaked="false"  />
	<Light name="NIS_Police_Light_BLUE001" type="Spot" colorR="0.12902" colorG="0.329412" colorB="0.7" decayRadius="15.0" decayPower="0.0" decayType="0" transform="0.906171 -0.422575 0.0169059 0.0 -0.0068711 0.0252589 0.999657 0.0 -0.422857 -0.905976 0.0199852 0.0 -1554.85 -1562.42 6.67976 1.0" fovInner="0.174533" fovOuter="0.523599" shadowNear="0.1" shadowFlags="1" specular="false" texture="" onTime="18.0" offTime="6.0" isDynamic="false" isHarmonic="false" LightShaftOn="false" isBaked="false"  />
	<Light name="NIS_Police_Light_RED001" type="Spot" colorR="0.7" colorG="0.0" colorB="0.0" decayRadius="15.0" decayPower="0.0" decayType="0" transform="-0.898384 0.43887 -0.0172643 0.0 -0.00687095 0.0252593 0.999657 0.0 0.439157 0.898195 -0.0196772 0.0 -1555.14 -1561.27 6.67976 1.0" fovInner="0.174533" fovOuter="0.523599" shadowNear="0.1" shadowFlags="1" specular="false" texture="" onTime="18.0" offTime="6.0" isDynamic="false" isHarmonic="false" LightShaftOn="false" isBaked="false"  />
</LightGroup>
