<?xml version="1.0" encoding="utf-8"?>
<!-- Created by LightDumper -->

<LightGroup name="Hotswap">
	<Light name="NIS_KEY" type="Spot" colorR="0.643137" colorG="0.839216" colorB="0.717647" decayRadius="8.0" decayPower="0.0" decayType="0" transform="-0.172662 0.698904 -0.694061 0.0 -0.970813 -0.239836 2.98023e-007 0.0 -0.166461 0.673804 0.719916 0.0 -386.472 1035.78 19.5905 1.0" fovInner="0.610865" fovOuter="0.785398" shadowNear="0.1" shadowFlags="0" specular="false" texture="" onTime="0.0" offTime="24.0" isDynamic="false" isHarmonic="false" LightShaftOn="false" isBaked="false"  />
	<Light name="NIS_RIM" type="Spot" colorR="1.0" colorG="1.0" colorB="0.780392" decayRadius="8.0" decayPower="0.0" decayType="0" transform="0.389117 0.106232 -0.915042 0.0 0.424656 -0.902172 0.0758447 0.0 -0.817469 -0.41809 -0.396163 0.0 -386.075 1027.07 17.7004 1.0" fovInner="0.610865" fovOuter="0.785398" shadowNear="0.1" shadowFlags="1" specular="true" texture="" onTime="0.0" offTime="24.0" isDynamic="false" isHarmonic="false" LightShaftOn="false" isBaked="false"  />
	<Light name="NIS_FILL" type="Spot" colorR="0.670588" colorG="0.941177" colorB="1.0" decayRadius="8.0" decayPower="0.0" decayType="0" transform="0.799318 -0.600908 -2.5332e-007 0.0 -0.227642 -0.302806 0.925466 0.0 -0.55612 -0.739743 -0.37883 0.0 -387.718 1027.6 17.4423 1.0" fovInner="0.610865" fovOuter="0.785398" shadowNear="0.1" shadowFlags="0" specular="true" texture="" onTime="0.0" offTime="24.0" isDynamic="false" isHarmonic="false" LightShaftOn="false" isBaked="false"  />
</LightGroup>
