<?xml version="1.0" encoding="utf-8"?>
<!-- Created by LightDumper -->

<LightGroup name="Hotswap">
	<Light name="NIS_KEY" type="Spot" colorR="0.589804" colorG="0.8" colorB="0.8" decayRadius="80.0" decayPower="0.0" decayType="0" transform="-0.996006 -0.0866314 0.021599 0.0 -6.17467e-007 0.241922 0.970294 0.0 -0.0892833 0.966419 -0.240956 0.0 -464.155 -513.079 1.9368 1.0" fovInner="0.375246" fovOuter="0.959931" shadowNear="0.1" shadowFlags="0" specular="true" texture="" onTime="18.0" offTime="6.0" isDynamic="false" isHarmonic="false" LightShaftOn="false" isBaked="false"  />
	<Light name="NIS_ENV_speed" type="Spot" colorR="0.5" colorG="0.468627" colorB="0.394118" decayRadius="8.0" decayPower="0.0" decayType="0" transform="-0.0174615 0.0 0.999847 0.0 -0.350729 0.936457 -0.00612513 0.0 -0.936314 -0.350783 -0.016352 0.0 -452.155 -536.545 1.11191 1.0" fovInner="0.375246" fovOuter="0.959931" shadowNear="0.1" shadowFlags="0" specular="true" texture="" onTime="18.0" offTime="6.0" isDynamic="false" isHarmonic="false" LightShaftOn="false" isBaked="false"  />
	<Light name="NIS_FILL" type="Spot" colorR="0.0" colorG="0.0" colorB="0.0" decayRadius="30.0" decayPower="0.0" decayType="0" transform="0.788586 -0.614924 -1.49012e-007 0.0 0.361444 0.46352 0.809017 0.0 -0.497484 -0.63798 0.587785 0.0 -471.891 -535.728 1.11191 1.0" fovInner="0.375246" fovOuter="0.785398" shadowNear="0.1" shadowFlags="0" specular="false" texture="" onTime="18.0" offTime="6.0" isDynamic="false" isHarmonic="false" LightShaftOn="false" isBaked="false"  />
	<Light name="NIS_Boat_DASH" type="Spot" colorR="1.6" colorG="1.6" colorB="1.46196" decayRadius="1.1" decayPower="0.0" decayType="0" transform="-0.243761 0.161342 -0.956321 0.0 0.551937 0.833886 -3.57628e-007 0.0 0.797462 -0.52783 -0.292319 0.0 -465.033 -522.034 0.149554 1.0" fovInner="0.174533" fovOuter="0.479966" shadowNear="0.1" shadowFlags="0" specular="false" texture="" onTime="18.0" offTime="6.0" isDynamic="false" isHarmonic="false" LightShaftOn="false" isBaked="false"  />
	<Light name="NIS_ENV_speed2" type="Spot" colorR="0.4" colorG="0.4" colorB="0.341961" decayRadius="30.0" decayPower="0.0" decayType="0" transform="-0.0174615 0.0 0.999847 0.0 -0.35073 0.936456 -0.00612514 0.0 -0.936314 -0.350783 -0.016352 0.0 -426.329 -556.623 1.11191 1.0" fovInner="0.375246" fovOuter="0.959931" shadowNear="0.1" shadowFlags="0" specular="true" texture="" onTime="18.0" offTime="6.0" isDynamic="false" isHarmonic="false" LightShaftOn="false" isBaked="false"  />
	<Light name="NIS_GAS_STATION" type="Spot" colorR="1.06824" colorG="1.11059" colorB="0.964706" decayRadius="90.0" decayPower="0.0" decayType="0" transform="-0.560556 0.726632 0.397217 0.0 -0.579308 -0.686842 0.438919 0.0 0.591758 0.0159278 0.805958 0.0 -341.095 -612.541 4.96123 1.0" fovInner="0.0" fovOuter="0.959931" shadowNear="0.1" shadowFlags="1" specular="true" texture="" onTime="18.0" offTime="6.0" isDynamic="false" isHarmonic="false" LightShaftOn="false" isBaked="false"  />
	<Light name="NIS_ENV_speed003" type="Spot" colorR="0.4" colorG="0.4" colorB="0.341961" decayRadius="30.0" decayPower="0.0" decayType="0" transform="-0.0838481 -0.124289 0.988697 0.0 -0.177933 0.978113 0.107868 0.0 -0.980464 -0.166878 -0.104128 0.0 -481.215 -596.531 -0.00645874 1.0" fovInner="0.375246" fovOuter="0.959931" shadowNear="0.1" shadowFlags="0" specular="true" texture="" onTime="18.0" offTime="6.0" isDynamic="false" isHarmonic="false" LightShaftOn="false" isBaked="false"  />
	<Light name="NIS_ENV" type="Spot" colorR="0.6" colorG="0.6" colorB="0.512941" decayRadius="30.0" decayPower="0.0" decayType="0" transform="-0.0838481 -0.124289 0.988697 0.0 -0.177933 0.978113 0.107868 0.0 -0.980464 -0.166878 -0.104128 0.0 -460.991 -482.942 -0.00645874 1.0" fovInner="0.0" fovOuter="0.959931" shadowNear="0.1" shadowFlags="0" specular="true" texture="" onTime="18.0" offTime="6.0" isDynamic="false" isHarmonic="false" LightShaftOn="false" isBaked="false"  />
	<Light name="NIS_ENV001" type="Spot" colorR="0.545882" colorG="0.6" colorB="0.6" decayRadius="30.0" decayPower="0.0" decayType="0" transform="-0.532928 0.382022 0.755014 0.0 -0.705339 -0.693463 -0.146988 0.0 0.467422 -0.610875 0.639021 0.0 -500.311 -487.525 9.1478 1.0" fovInner="0.0" fovOuter="0.349066" shadowNear="0.1" shadowFlags="0" specular="true" texture="" onTime="18.0" offTime="6.0" isDynamic="false" isHarmonic="false" LightShaftOn="false" isBaked="false"  />
</LightGroup>
