<?xml version="1.0" encoding="utf-8"?>
<!-- Created by LightDumper -->

<LightGroup name="Hotswap">
	<Light name="Fspot_NoSHD" type="Spot" colorR="0.7" colorG="0.516078" colorB="0.318431" decayRadius="4.0" decayPower="0.0" decayType="0" transform="0.259169 -0.0994734 -0.960696 0.0 0.358328 0.933596 -2.37953e-007 0.0 0.896901 -0.344244 0.277603 0.0 1021.05 -251.476 20.1649 1.0" fovInner="0.00872665" fovOuter="0.523599" shadowNear="0.1" shadowFlags="0" specular="true" texture="" onTime="18.0" offTime="6.0" isDynamic="false" isHarmonic="false" LightShaftOn="false" isBaked="false"  />
	<Light name="RIM002" type="Spot" colorR="0.475294" colorG="0.442353" colorB="0.6" decayRadius="1.3" decayPower="0.0" decayType="0" transform="0.243745 -0.00789928 0.969807 0.0 -0.437147 0.89173 0.117133 0.0 -0.865731 -0.452499 0.213902 0.0 997.505 -256.191 19.7789 1.0" fovInner="0.392699" fovOuter="0.523599" shadowNear="0.1" shadowFlags="0" specular="true" texture="" onTime="18.0" offTime="6.0" isDynamic="false" isHarmonic="false" LightShaftOn="false" isBaked="false"  />
	<Light name="RIM" type="Spot" colorR="0.633726" colorG="0.589804" colorB="0.8" decayRadius="2.0" decayPower="0.0" decayType="0" transform="-0.0151063 0.00875341 0.999848 0.0 0.31267 0.949855 -0.00359174 0.0 -0.949742 0.312568 -0.0170857 0.0 972.94 -251.026 19.6587 1.0" fovInner="0.261799" fovOuter="0.349066" shadowNear="0.1" shadowFlags="0" specular="true" texture="" onTime="18.0" offTime="6.0" isDynamic="false" isHarmonic="false" LightShaftOn="false" isBaked="false"  />
	<Light name="Fspot001" type="Spot" colorR="0.7" colorG="0.516078" colorB="0.318431" decayRadius="4.0" decayPower="0.0" decayType="0" transform="0.115164 -0.252588 -0.960696 0.0 0.909889 0.414853 -1.56462e-007 0.0 0.398548 -0.874126 0.277603 0.0 977.497 -251.72 20.1649 1.0" fovInner="0.00872665" fovOuter="0.523599" shadowNear="0.1" shadowFlags="0" specular="true" texture="" onTime="18.0" offTime="6.0" isDynamic="false" isHarmonic="false" LightShaftOn="false" isBaked="false"  />
</LightGroup>
