<?xml version="1.0" encoding="utf-8"?>
<!-- Created by LightDumper -->

<LightGroup name="Hotswap">
	<Light name="Fspot003" type="Spot" colorR="0.549647" colorG="0.358902" colorB="0.499451" decayRadius="4.08" decayPower="0.0" decayType="0" transform="0.682226 -0.731141 0.0 0.0 0.402907 0.375952 -0.834461 0.0 0.610109 0.569291 0.551066 0.0 883.224 76.5208 26.9747 1.0" fovInner="0.00872665" fovOuter="0.610865" shadowNear="0.1" shadowFlags="0" specular="true" texture="" onTime="0.0" offTime="24.0" isDynamic="false" isHarmonic="false" LightShaftOn="false" isBaked="false"  />
	<Light name="Fspot004" type="Spot" colorR="0.660706" colorG="0.721059" colorB="0.81" decayRadius="3.221" decayPower="0.0" decayType="0" transform="-0.891986 0.437389 0.114239 0.0 -0.249116 -0.264717 -0.931593 0.0 -0.377228 -0.859427 0.345085 0.0 881.022 72.4838 26.2601 1.0" fovInner="0.00872665" fovOuter="0.698132" shadowNear="0.1" shadowFlags="0" specular="true" texture="" onTime="0.0" offTime="24.0" isDynamic="false" isHarmonic="false" LightShaftOn="false" isBaked="false"  />
	<Light name="Fspot005" type="Spot" colorR="0.364706" colorG="0.447059" colorB="0.6" decayRadius="4.0" decayPower="0.0" decayType="0" transform="0.271562 0.955616 0.114238 0.0 -0.304846 0.197996 -0.931593 0.0 -0.912864 0.21816 0.345085 0.0 879.674 75.0788 26.2601 1.0" fovInner="0.00872665" fovOuter="0.436332" shadowNear="0.1" shadowFlags="0" specular="true" texture="" onTime="0.0" offTime="24.0" isDynamic="false" isHarmonic="false" LightShaftOn="false" isBaked="false"  />
	<Light name="Fspot006" type="Spot" colorR="0.455882" colorG="0.558824" colorB="0.75" decayRadius="4.0" decayPower="0.0" decayType="0" transform="-0.759221 0.640728 0.114239 0.0 -0.305897 -0.19637 -0.931593 0.0 -0.574465 -0.74223 0.345085 0.0 879.712 74.1056 26.2601 1.0" fovInner="0.00872665" fovOuter="0.436332" shadowNear="0.1" shadowFlags="0" specular="true" texture="" onTime="0.0" offTime="24.0" isDynamic="false" isHarmonic="false" LightShaftOn="false" isBaked="false"  />
</LightGroup>
