<?xml version="1.0" encoding="utf-8"?>
<!-- Created by LightDumper -->

<LightGroup name="Hotswap">
	<Light name="NIS_KEY" type="Spot" colorR="0.8" colorG="0.536471" colorB="0.376471" decayRadius="9.0" decayPower="0.0" decayType="0" transform="-0.121606 -0.20511 0.971154 0.0 0.130511 0.966617 0.220493 0.0 -0.98396 0.15356 -0.0907774 0.0 876.004 84.7704 28.1952 1.0" fovInner="0.610865" fovOuter="0.785398" shadowNear="0.1" shadowFlags="0" specular="true" texture="" onTime="0.0" offTime="24.0" isDynamic="false" isHarmonic="false" LightShaftOn="false" isBaked="false"  />
	<Light name="NIS_RIM" type="Spot" colorR="0.698039" colorG="0.698039" colorB="0.941177" decayRadius="8.0" decayPower="0.0" decayType="0" transform="0.213142 -0.236638 -0.947931 0.0 -0.196699 0.939966 -0.278877 0.0 0.957016 0.245898 0.1538 0.0 889.867 83.6682 27.1879 1.0" fovInner="0.375246" fovOuter="0.436332" shadowNear="0.1" shadowFlags="0" specular="false" texture="" onTime="0.0" offTime="24.0" isDynamic="false" isHarmonic="false" LightShaftOn="false" isBaked="false"  />
	<Light name="NIS_FILL" type="Spot" colorR="0.219608" colorG="0.317647" colorB="0.5" decayRadius="8.0" decayPower="0.0" decayType="0" transform="0.743939 -0.655517 -0.129821 0.0 0.0882451 0.288938 -0.953271 0.0 0.662396 0.69772 0.272799 0.0 884.816 86.3029 26.0117 1.0" fovInner="0.375246" fovOuter="0.785398" shadowNear="0.1" shadowFlags="0" specular="true" texture="" onTime="0.0" offTime="24.0" isDynamic="false" isHarmonic="false" LightShaftOn="false" isBaked="false"  />
	<Light name="NIS_KEY001" type="Spot" colorR="0.8" colorG="0.536471" colorB="0.376471" decayRadius="9.0" decayPower="0.0" decayType="0" transform="-0.41653 0.0682429 0.906556 0.0 0.0792408 0.996108 -0.0385762 0.0 -0.905661 0.0557686 -0.420317 0.0 880.345 84.4382 25.8747 1.0" fovInner="0.610865" fovOuter="0.785398" shadowNear="0.1" shadowFlags="0" specular="true" texture="" onTime="0.0" offTime="24.0" isDynamic="false" isHarmonic="false" LightShaftOn="false" isBaked="false"  />
</LightGroup>
