<?xml version="1.0" encoding="utf-8"?>
<!-- Created by LightDumper -->

<LightGroup name="Hotswap">
	<Light name="NIS_01" type="Omni" colorR="0.416471" colorG="0.255882" colorB="0.199412" decayRadius="4.0" decayPower="1.0" decayType="0" transform="1.0 0.0 0.0 0.0 0.0 1.0 0.0 0.0 0.0 0.0 1.0 0.0 911.316 74.8525 26.342 1.0" shadowFlags="0" specular="true" texture="" onTime="0.0" offTime="24.0" isDynamic="false" isHarmonic="false" LightShaftOn="false" isBaked="false"  />
	<Light name="NIS_002" type="Spot" colorR="0.397961" colorG="0.274863" colorB="0.232706" decayRadius="4.3" decayPower="0.0" decayType="0" transform="0.422618 0.906308 0.0 0.0 -0.272532 0.127084 0.953717 0.0 0.864361 -0.403058 0.300706 0.0 913.015 78.4703 26.342 1.0" fovInner="0.0" fovOuter="0.872665" shadowNear="0.1" shadowFlags="0" specular="true" texture="" onTime="0.0" offTime="24.0" isDynamic="false" isHarmonic="false" LightShaftOn="false" isBaked="false"  />
	<Light name="NIS_003" type="Spot" colorR="0.235098" colorG="0.301961" colorB="0.427059" decayRadius="4.3" decayPower="0.0" decayType="0" transform="-0.382683 -0.923879 -1.21072e-007 0.0 0.277816 -0.115075 0.953717 0.0 -0.88112 0.364972 0.300706 0.0 908.798 79.4536 26.342 1.0" fovInner="0.0" fovOuter="0.872665" shadowNear="0.1" shadowFlags="0" specular="true" texture="" onTime="0.0" offTime="24.0" isDynamic="false" isHarmonic="false" LightShaftOn="false" isBaked="false"  />
	<Light name="NIS_004" type="Spot" colorR="0.235098" colorG="0.301961" colorB="0.427059" decayRadius="4.3" decayPower="0.0" decayType="0" transform="-0.382683 -0.923879 -1.21072e-007 0.0 0.277816 -0.115075 0.953717 0.0 -0.88112 0.364972 0.300706 0.0 908.798 77.4695 26.342 1.0" fovInner="0.0" fovOuter="0.872665" shadowNear="0.1" shadowFlags="0" specular="true" texture="" onTime="0.0" offTime="24.0" isDynamic="false" isHarmonic="false" LightShaftOn="false" isBaked="false"  />
	<Light name="NIS_005" type="Spot" colorR="0.249882" colorG="0.176824" colorB="0.151412" decayRadius="4.3" decayPower="0.0" decayType="0" transform="0.422618 0.906308 0.0 0.0 -0.272532 0.127084 0.953717 0.0 0.864361 -0.403058 0.300706 0.0 911.748 75.1758 26.342 1.0" fovInner="0.0" fovOuter="0.872665" shadowNear="0.1" shadowFlags="0" specular="true" texture="" onTime="0.0" offTime="24.0" isDynamic="false" isHarmonic="false" LightShaftOn="false" isBaked="false"  />
	<Light name="NIS_006" type="Spot" colorR="0.323922" colorG="0.223725" colorB="0.189412" decayRadius="3.0" decayPower="0.0" decayType="0" transform="0.858532 0.278008 0.430852 0.0 -0.47217 0.756283 0.45287 0.0 -0.199944 -0.592239 0.780561 0.0 911.91 78.7536 25.27 1.0" fovInner="0.0" fovOuter="0.872665" shadowNear="0.1" shadowFlags="0" specular="true" texture="" onTime="0.0" offTime="24.0" isDynamic="false" isHarmonic="false" LightShaftOn="false" isBaked="false"  />
	<Light name="NIS_007" type="Spot" colorR="0.323922" colorG="0.223725" colorB="0.189412" decayRadius="3.0" decayPower="0.0" decayType="0" transform="0.858532 0.278008 0.430852 0.0 -0.47217 0.756283 0.45287 0.0 -0.199944 -0.592239 0.780561 0.0 911.113 77.7983 25.27 1.0" fovInner="0.0" fovOuter="0.872665" shadowNear="0.1" shadowFlags="0" specular="true" texture="" onTime="0.0" offTime="24.0" isDynamic="false" isHarmonic="false" LightShaftOn="false" isBaked="false"  />
</LightGroup>
