<?xml version="1.0" encoding="utf-8"?>
<!-- Created by LightDumper -->

<LightGroup name="Hotswap">
	<Light name="Fspot001" type="Spot" colorR="0.676" colorG="0.896" colorB="1.02" decayRadius="2.0" decayPower="0.0" decayType="0" transform="0.423443 -0.152203 0.893045 0.0 0.338252 0.941056 0.0 0.0 -0.840404 0.302075 0.449966 0.0 445.987 996.118 9.02169 1.0" fovInner="0.0" fovOuter="0.436332" shadowNear="0.1" shadowFlags="0" specular="true" texture="" onTime="0.0" offTime="24.0" isDynamic="false" isHarmonic="false" LightShaftOn="false" isBaked="false"  />
	<Light name="Fspot008" type="Spot" colorR="0.344627" colorG="0.456784" colorB="0.52" decayRadius="3.0" decayPower="0.0" decayType="0" transform="-0.437279 -0.106099 0.893045 0.0 0.235794 -0.971803 0.0 0.0 0.867863 0.210575 0.449966 0.0 449.336 996.428 9.45185 1.0" fovInner="0.0" fovOuter="0.698132" shadowNear="0.1" shadowFlags="0" specular="true" texture="" onTime="0.0" offTime="24.0" isDynamic="false" isHarmonic="false" LightShaftOn="false" isBaked="false"  />
	<Light name="Fspot009" type="Spot" colorR="0.417529" colorG="0.553412" colorB="0.63" decayRadius="4.41" decayPower="0.0" decayType="0" transform="0.300915 -0.334544 0.893045 0.0 0.743487 0.66875 0.0 0.0 -0.597223 0.663967 0.449967 0.0 444.847 998.834 10.0235 1.0" fovInner="0.0" fovOuter="0.479966" shadowNear="0.1" shadowFlags="0" specular="true" texture="" onTime="0.0" offTime="24.0" isDynamic="false" isHarmonic="false" LightShaftOn="false" isBaked="false"  />
	<Light name="Fspot010" type="Spot" colorR="0.437412" colorG="0.579765" colorB="0.66" decayRadius="3.0" decayPower="0.0" decayType="0" transform="-0.315293 0.32103 0.893045 0.0 -0.713452 -0.700704 0.0 0.0 0.62576 -0.637145 0.449966 0.0 448.062 995.607 9.45583 1.0" fovInner="0.0" fovOuter="0.698132" shadowNear="0.1" shadowFlags="0" specular="true" texture="" onTime="0.0" offTime="24.0" isDynamic="false" isHarmonic="false" LightShaftOn="false" isBaked="false"  />
	<Light name="Fspot012" type="Spot" colorR="0.384392" colorG="0.50949" colorB="0.58" decayRadius="5.0" decayPower="0.0" decayType="0" transform="0.0851709 -0.190513 0.977982 0.0 0.912923 0.408132 0.0 0.0 -0.399146 0.892823 0.208685 0.0 445.012 1001.89 9.63594 1.0" fovInner="0.0" fovOuter="0.479966" shadowNear="0.1" shadowFlags="0" specular="true" texture="" onTime="0.0" offTime="24.0" isDynamic="false" isHarmonic="false" LightShaftOn="false" isBaked="false"  />
	<Light name="Fspot013" type="Spot" colorR="0.437412" colorG="0.579765" colorB="0.66" decayRadius="5.0" decayPower="0.0" decayType="0" transform="-0.155999 0.103297 0.982342 0.0 -0.552094 -0.833782 -1.58325e-007 0.0 0.819057 -0.542344 0.187099 0.0 447.784 998.645 8.79911 1.0" fovInner="0.0" fovOuter="0.392699" shadowNear="0.1" shadowFlags="0" specular="true" texture="" onTime="0.0" offTime="24.0" isDynamic="false" isHarmonic="false" LightShaftOn="false" isBaked="false"  />
	<Light name="Fspot014" type="Spot" colorR="0.430784" colorG="0.57098" colorB="0.65" decayRadius="3.0" decayPower="0.0" decayType="0" transform="-0.315293 0.32103 0.893045 0.0 -0.713452 -0.700704 0.0 0.0 0.62576 -0.637145 0.449966 0.0 445.672 997.544 9.60411 1.0" fovInner="0.0" fovOuter="0.698132" shadowNear="0.1" shadowFlags="0" specular="true" texture="" onTime="0.0" offTime="24.0" isDynamic="false" isHarmonic="false" LightShaftOn="false" isBaked="false"  />
	<Light name="Fspot016" type="Spot" colorR="0.664314" colorG="0.68902" colorB="0.7" decayRadius="3.0" decayPower="0.0" decayType="0" transform="0.0687752 -0.0532692 0.996209 0.0 -0.534979 0.840887 0.0818971 0.0 -0.842061 -0.538583 0.0293344 0.0 442.657 997.595 8.63897 1.0" fovInner="0.0" fovOuter="0.698132" shadowNear="0.1" shadowFlags="0" specular="true" texture="" onTime="0.0" offTime="24.0" isDynamic="false" isHarmonic="false" LightShaftOn="false" isBaked="false"  />
	<Light name="Fspot017" type="Spot" colorR="0.775412" colorG="1.02776" colorB="1.17" decayRadius="4.41" decayPower="0.0" decayType="0" transform="0.233615 -0.259723 0.936999 0.0 0.743487 0.66875 -1.19209e-007 0.0 -0.626618 0.696647 0.349332 0.0 442.2 1001.74 10.0235 1.0" fovInner="0.0" fovOuter="0.479966" shadowNear="0.1" shadowFlags="0" specular="true" texture="" onTime="0.0" offTime="24.0" isDynamic="false" isHarmonic="false" LightShaftOn="false" isBaked="false"  />
	<Light name="NIS_0223" type="Omni" colorR="0.379608" colorG="0.393726" colorB="0.4" decayRadius="6.0" decayPower="1.0" decayType="0" transform="-0.686472 0.727156 0.0 0.0 -0.727156 -0.686472 0.0 0.0 0.0 0.0 1.0 0.0 442.582 992.216 11.528 1.0" shadowFlags="0" specular="true" texture="" onTime="0.0" offTime="24.0" isDynamic="false" isHarmonic="false" LightShaftOn="false" isBaked="false"  />
	<Light name="NIS_0222" type="Omni" colorR="0.379608" colorG="0.393726" colorB="0.4" decayRadius="6.0" decayPower="1.0" decayType="0" transform="-0.686472 0.727156 0.0 0.0 -0.727156 -0.686472 0.0 0.0 0.0 0.0 1.0 0.0 445.225 989.417 11.528 1.0" shadowFlags="0" specular="true" texture="" onTime="0.0" offTime="24.0" isDynamic="false" isHarmonic="false" LightShaftOn="false" isBaked="false"  />
	<Light name="SL_Spot960" type="Spot" colorR="0.664314" colorG="0.68902" colorB="0.7" decayRadius="12.0" decayPower="0.0" decayType="1" transform="-0.566912 -0.545787 -0.617031 0.0 0.701978 -0.712039 -0.0151345 0.0 -0.431089 -0.441721 0.786793 0.0 440.771 987.652 8.99508 1.0" fovInner="0.785398" fovOuter="1.0472" shadowNear="0.1" shadowFlags="0" specular="true" texture="Gob_Square" onTime="0.0" offTime="24.0" isDynamic="true" isHarmonic="false" LightShaftOn="false" isBaked="false"  />
	<Light name="Fspot018" type="Spot" colorR="0.379608" colorG="0.393726" colorB="0.4" decayRadius="3.0" decayPower="0.0" decayType="0" transform="0.0786715 -0.0371273 0.996209 0.0 -0.704239 0.705225 0.0818969 0.0 -0.705591 -0.708011 0.0293347 0.0 444.095 998.893 7.94239 1.0" fovInner="0.0" fovOuter="0.479966" shadowNear="0.1" shadowFlags="0" specular="true" texture="" onTime="0.0" offTime="24.0" isDynamic="false" isHarmonic="false" LightShaftOn="false" isBaked="false"  />
	<Light name="Fspot019" type="Spot" colorR="0.379608" colorG="0.393726" colorB="0.4" decayRadius="3.0" decayPower="0.0" decayType="0" transform="0.0786715 -0.0371273 0.996209 0.0 -0.704239 0.705225 0.0818969 0.0 -0.705591 -0.708011 0.0293347 0.0 444.944 998.01 7.94239 1.0" fovInner="0.0" fovOuter="0.479966" shadowNear="0.1" shadowFlags="0" specular="true" texture="" onTime="0.0" offTime="24.0" isDynamic="false" isHarmonic="false" LightShaftOn="false" isBaked="false"  />
	<Light name="NIS_011" type="Omni" colorR="0.379608" colorG="0.393726" colorB="0.4" decayRadius="6.0" decayPower="1.0" decayType="0" transform="-0.686472 0.727156 0.0 0.0 -0.727156 -0.686472 0.0 0.0 0.0 0.0 1.0 0.0 444.202 1003.79 11.528 1.0" shadowFlags="0" specular="true" texture="" onTime="0.0" offTime="24.0" isDynamic="false" isHarmonic="false" LightShaftOn="false" isBaked="false"  />
	<Light name="NIS_224" type="Omni" colorR="0.271726" colorG="0.360157" colorB="0.41" decayRadius="4.5" decayPower="1.0" decayType="0" transform="-0.686472 0.727156 0.0 0.0 -0.727156 -0.686472 0.0 0.0 0.0 0.0 1.0 0.0 448.375 996.499 9.6675 1.0" shadowFlags="0" specular="true" texture="" onTime="0.0" offTime="24.0" isDynamic="false" isHarmonic="false" LightShaftOn="false" isBaked="false"  />
	<Light name="NIS_225" type="Omni" colorR="0.281373" colorG="0.0578824" colorB="0.0578824" decayRadius="2.0" decayPower="2.0" decayType="0" transform="-0.686472 0.727156 0.0 0.0 -0.727156 -0.686472 0.0 0.0 0.0 0.0 1.0 0.0 447.49 998.1 9.95923 1.0" shadowFlags="0" specular="true" texture="" onTime="0.0" offTime="24.0" isDynamic="false" isHarmonic="false" LightShaftOn="false" isBaked="false"  />
	<Light name="Fspot020" type="Spot" colorR="0.357882" colorG="0.474353" colorB="0.54" decayRadius="6.0" decayPower="0.0" decayType="0" transform="0.323902 -0.333137 0.885497 0.0 0.762799 0.645624 -0.0361275 0.0 -0.559663 0.687159 0.463237 0.0 442.644 1005.26 9.98437 1.0" fovInner="0.0" fovOuter="0.698132" shadowNear="0.1" shadowFlags="1" specular="true" texture="Gob_Square" onTime="0.0" offTime="24.0" isDynamic="false" isHarmonic="false" LightShaftOn="false" isBaked="false"  />
	<Light name="Fspot021" type="Spot" colorR="0.596471" colorG="0.790588" colorB="0.9" decayRadius="4.41" decayPower="0.0" decayType="0" transform="0.00766078 -0.00851715 0.999934 0.0 0.743486 0.668751 0.0 0.0 -0.668707 0.743437 0.0114566 0.0 441.866 1004.86 8.64325 1.0" fovInner="0.0" fovOuter="0.479966" shadowNear="0.1" shadowFlags="0" specular="true" texture="" onTime="0.0" offTime="24.0" isDynamic="false" isHarmonic="false" LightShaftOn="false" isBaked="false"  />
	<Light name="Fspot022" type="Spot" colorR="0.359412" colorG="0.416549" colorB="0.47" decayRadius="25.0" decayPower="0.0" decayType="0" transform="-0.928847 -0.0636135 0.364961 0.0 0.0376513 -0.996256 -0.0778248 0.0 0.368545 -0.0585458 0.927764 0.0 446.306 1015.95 21.3295 1.0" fovInner="0.0" fovOuter="0.610865" shadowNear="0.1" shadowFlags="0" specular="true" texture="" onTime="0.0" offTime="24.0" isDynamic="false" isHarmonic="false" LightShaftOn="false" isBaked="false"  />
	<Light name="Fspot023" type="Spot" colorR="0.616353" colorG="0.816941" colorB="0.93" decayRadius="4.41" decayPower="0.0" decayType="0" transform="0.00766078 -0.00851715 0.999934 0.0 0.743486 0.668751 0.0 0.0 -0.668707 0.743437 0.0114566 0.0 440.326 1003.63 8.64325 1.0" fovInner="0.0" fovOuter="0.479966" shadowNear="0.1" shadowFlags="0" specular="true" texture="" onTime="0.0" offTime="24.0" isDynamic="false" isHarmonic="false" LightShaftOn="false" isBaked="false"  />
	<Light name="Fspot024" type="Spot" colorR="0.491765" colorG="0.528431" colorB="0.55" decayRadius="1.7" decayPower="0.0" decayType="0" transform="0.123373 0.0744447 0.989563 0.0 -0.28771 0.957035 -0.0361277 0.0 -0.949737 -0.28025 0.139492 0.0 444.477 1002.73 8.85749 1.0" fovInner="0.0" fovOuter="0.698132" shadowNear="0.1" shadowFlags="0" specular="true" texture="Gob_Square" onTime="0.0" offTime="24.0" isDynamic="false" isHarmonic="false" LightShaftOn="false" isBaked="false"  />
	<Light name="Fspot025" type="Spot" colorR="0.450667" colorG="0.597333" colorB="0.68" decayRadius="10.0" decayPower="0.0" decayType="0" transform="-0.431999 -0.171085 0.885497 0.0 0.303081 -0.952279 -0.0361276 0.0 0.849422 0.25277 0.463237 0.0 446.528 1007.42 9.98437 1.0" fovInner="0.0" fovOuter="0.872665" shadowNear="0.1" shadowFlags="0" specular="true" texture="Gob_Square" onTime="0.0" offTime="24.0" isDynamic="false" isHarmonic="false" LightShaftOn="false" isBaked="false"  />
</LightGroup>
