<?xml version="1.0" encoding="utf-8"?>
<!-- Created by LightDumper -->

<LightGroup name="Hotswap">
	<Light name="Omni002" type="Spot" colorR="0.55" colorG="0.521961" colorB="0.463726" decayRadius="6.2" decayPower="0.0" decayType="0" transform="0.0819794 0.424396 0.901758 0.0 -0.960295 0.275733 -0.0424679 0.0 -0.266668 -0.862473 0.43015 0.0 618.66 1513.96 24.0812 1.0" fovInner="0.00436332" fovOuter="1.0472" shadowNear="0.1" shadowFlags="0" specular="true" texture="" onTime="0.0" offTime="24.0" isDynamic="false" isHarmonic="false" LightShaftOn="false" isBaked="false"  />
	<Light name="Omni003" type="Spot" colorR="0.658824" colorG="0.678039" colorB="0.7" decayRadius="6.2" decayPower="0.0" decayType="0" transform="-0.253413 -0.0601022 0.965489 0.0 0.0418848 -0.997813 -0.0511207 0.0 0.966451 0.0274851 0.255376 0.0 626.575 1517.18 23.5262 1.0" fovInner="0.00436332" fovOuter="0.610865" shadowNear="0.1" shadowFlags="0" specular="true" texture="" onTime="0.0" offTime="24.0" isDynamic="false" isHarmonic="false" LightShaftOn="false" isBaked="false"  />
	<Light name="Omni004" type="Spot" colorR="0.38" colorG="0.360627" colorB="0.320392" decayRadius="5.18" decayPower="0.0" decayType="0" transform="0.21606 0.145426 0.965489 0.0 -0.390303 0.919265 -0.0511207 0.0 -0.894975 -0.365789 0.255376 0.0 618.542 1515.65 22.8441 1.0" fovInner="0.00436332" fovOuter="0.436332" shadowNear="0.1" shadowFlags="0" specular="true" texture="" onTime="0.0" offTime="24.0" isDynamic="false" isHarmonic="false" LightShaftOn="false" isBaked="false"  />
	<Light name="Omni005" type="Spot" colorR="0.15" colorG="0.142353" colorB="0.126471" decayRadius="5.18" decayPower="0.0" decayType="0" transform="0.164004 -0.20232 0.965489 0.0 0.881054 0.470244 -0.0511207 0.0 -0.443673 0.859032 0.255376 0.0 620.277 1519.92 23.0297 1.0" fovInner="0.00436332" fovOuter="0.610865" shadowNear="0.1" shadowFlags="0" specular="true" texture="" onTime="0.0" offTime="24.0" isDynamic="false" isHarmonic="false" LightShaftOn="false" isBaked="false"  />
	<Light name="Omni006" type="Spot" colorR="0.34" colorG="0.322667" colorB="0.286667" decayRadius="3.0" decayPower="0.0" decayType="0" transform="-0.250029 0.0729103 0.965489 0.0 -0.456434 -0.888287 -0.0511208 0.0 0.853904 -0.453464 0.255376 0.0 621.571 1515.83 23.5262 1.0" fovInner="0.00436332" fovOuter="0.610865" shadowNear="0.1" shadowFlags="0" specular="true" texture="" onTime="0.0" offTime="24.0" isDynamic="false" isHarmonic="false" LightShaftOn="false" isBaked="false"  />
	<Light name="Omni007" type="Spot" colorR="0.649216" colorG="0.712627" colorB="0.77" decayRadius="3.0" decayPower="0.0" decayType="0" transform="-0.11401 -0.234163 0.965489 0.0 0.798645 -0.599626 -0.0511207 0.0 0.590903 0.765255 0.255376 0.0 622.558 1518.92 23.417 1.0" fovInner="0.00436332" fovOuter="0.436332" shadowNear="0.1" shadowFlags="0" specular="true" texture="" onTime="0.0" offTime="24.0" isDynamic="false" isHarmonic="false" LightShaftOn="false" isBaked="false"  />
	<Light name="Omni008" type="Spot" colorR="0.18549" colorG="0.20102" colorB="0.22" decayRadius="2.981" decayPower="0.0" decayType="0" transform="-0.217567 -0.143162 0.965489 0.0 0.380681 -0.923292 -0.0511207 0.0 0.898747 0.356421 0.255376 0.0 620.712 1518.48 22.7922 1.0" fovInner="0.00436332" fovOuter="0.785398" shadowNear="0.1" shadowFlags="0" specular="true" texture="" onTime="0.0" offTime="24.0" isDynamic="false" isHarmonic="false" LightShaftOn="false" isBaked="false"  />
</LightGroup>
