<?xml version="1.0" encoding="utf-8"?>
<!-- Created by LightDumper -->

<LightGroup name="Hotswap">
	<Light name="Fspot010" type="Spot" colorR="0.181176" colorG="0.187765" colorB="0.21" decayRadius="7.0" decayPower="0.0" decayType="0" transform="0.22923 -0.969653 -0.0850081 0.0 0.0680901 -0.0711456 0.995141 0.0 -0.970986 -0.233904 0.049715 0.0 1097.21 573.228 14.1645 1.0" fovInner="0.00436332" fovOuter="0.610865" shadowNear="0.1" shadowFlags="0" specular="true" texture="" onTime="0.0" offTime="24.0" isDynamic="false" isHarmonic="false" LightShaftOn="false" isBaked="false"  />
	<Light name="Fspot011" type="Spot" colorR="0.6" colorG="0.435294" colorB="0.371765" decayRadius="7.0" decayPower="0.0" decayType="0" transform="-0.664804 0.747018 0.0 0.0 -0.00134313 -0.00119529 0.999997 0.0 0.747017 0.664804 0.001798 0.0 1104.59 576.685 14.362 1.0" fovInner="0.00436332" fovOuter="0.610865" shadowNear="0.1" shadowFlags="0" specular="true" texture="" onTime="0.0" offTime="24.0" isDynamic="false" isHarmonic="false" LightShaftOn="false" isBaked="false"  />
	<Light name="Fspot012" type="Spot" colorR="0.597647" colorG="0.6" colorB="0.6" decayRadius="5.0" decayPower="0.0" decayType="0" transform="0.925459 0.369191 -0.0850082 0.0 0.0603711 0.0778025 0.995139 0.0 0.374009 -0.92609 0.0497145 0.0 1102.66 570.18 14.1645 1.0" fovInner="0.00436332" fovOuter="0.610865" shadowNear="0.1" shadowFlags="0" specular="true" texture="" onTime="0.0" offTime="24.0" isDynamic="false" isHarmonic="false" LightShaftOn="false" isBaked="false"  />
	<Light name="Fspot013" type="Spot" colorR="0.597647" colorG="0.6" colorB="0.6" decayRadius="3.0" decayPower="0.0" decayType="0" transform="-0.713728 -0.695247 -0.0850081 0.0 -0.0260018 -0.094983 0.995139 0.0 -0.699942 0.712469 0.0497143 0.0 1099.39 576.598 14.1645 1.0" fovInner="0.00436332" fovOuter="0.610865" shadowNear="0.1" shadowFlags="0" specular="true" texture="" onTime="0.0" offTime="24.0" isDynamic="false" isHarmonic="false" LightShaftOn="false" isBaked="false"  />
	<Light name="Fspot014sdfsdfsdf" type="Spot" colorR="0.0" colorG="0.0" colorB="0.0" decayRadius="8.0" decayPower="0.0" decayType="0" transform="0.954978 0.295712 0.0239241 0.0 -0.28007 0.925185 -0.256107 0.0 -0.0978679 0.237876 0.966351 0.0 1101.14 575.199 16.9997 1.0" fovInner="0.00436332" fovOuter="0.610865" shadowNear="0.1" shadowFlags="1" specular="true" texture="" onTime="0.0" offTime="24.0" isDynamic="false" isHarmonic="false" LightShaftOn="false" isBaked="false"  />
</LightGroup>
