<?xml version="1.0" encoding="utf-8"?>
<!-- Created by LightDumper -->

<LightGroup name="Hotswap">
	<Light name="NIS_RIM" type="Spot" colorR="0.837647" colorG="0.876039" colorB="0.806235" decayRadius="8.0" decayPower="2.0" decayType="0" transform="0.973444 -0.228923 0.0 0.0 0.0605185 0.257342 -0.964423 0.0 0.220778 0.938812 0.264362 0.0 -861.706 308.114 13.9743 1.0" fovInner="0.375246" fovOuter="0.785398" shadowNear="0.1" shadowFlags="0" specular="true" texture="" onTime="18.0" offTime="6.0" isDynamic="false" isHarmonic="false" LightShaftOn="false" isBaked="false"  />
	<Light name="NIS_KEY" type="Spot" colorR="0.3" colorG="0.212941" colorB="0.16" decayRadius="8.0" decayPower="1.0" decayType="0" transform="0.0535982 -0.995101 0.0830698 0.0 0.342664 -0.059809 -0.937552 0.0 0.937927 0.0787162 0.337779 0.0 -857.416 307.443 15.3394 1.0" fovInner="0.610865" fovOuter="0.785398" shadowNear="0.1" shadowFlags="0" specular="false" texture="" onTime="18.0" offTime="6.0" isDynamic="false" isHarmonic="false" LightShaftOn="false" isBaked="false"  />
	<Light name="NIS_FILL" type="Spot" colorR="0.495686" colorG="0.467451" colorB="0.614902" decayRadius="8.0" decayPower="1.0" decayType="0" transform="-0.319824 0.277409 -0.905956 0.0 0.668163 -0.611901 -0.423244 0.0 -0.671768 -0.740689 0.0103465 0.0 -865.593 301.658 12.6201 1.0" fovInner="0.610865" fovOuter="0.785398" shadowNear="0.1" shadowFlags="0" specular="false" texture="" onTime="18.0" offTime="6.0" isDynamic="false" isHarmonic="false" LightShaftOn="false" isBaked="false"  />
	<Light name="NIS_RIM001" type="Spot" colorR="0.400274" colorG="0.49051" colorB="0.483569" decayRadius="8.0" decayPower="0.0" decayType="0" transform="0.122019 0.992528 0.0 0.0 -0.262387 0.0322572 -0.964423 0.0 -0.957217 0.117678 0.264362 0.0 -865.577 307.149 13.6408 1.0" fovInner="0.375246" fovOuter="0.785398" shadowNear="0.1" shadowFlags="0" specular="true" texture="" onTime="18.0" offTime="6.0" isDynamic="false" isHarmonic="false" LightShaftOn="false" isBaked="false"  />
</LightGroup>
