<?xml version="1.0" encoding="utf-8"?>
<!-- Created by LightDumper -->

<LightGroup name="Hotswap">
	<Light name="NIS_HEADBOARD_FILL" type="Spot" colorR="0.6" colorG="0.6" colorB="0.6" decayRadius="8.0" decayPower="0.0" decayType="0" transform="-0.526964 0.849887 -1.19209e-007 0.0 2.01283e-007 0.0 -1.0 0.0 -0.849887 -0.526964 -1.62921e-007 0.0 -368.509 1041.83 12.7958 1.0" fovInner="0.375246" fovOuter="0.523599" shadowNear="0.1" shadowFlags="0" specular="true" texture="" onTime="0.0" offTime="24.0" isDynamic="false" isHarmonic="false" LightShaftOn="false" isBaked="false"  />
	<Light name="NIS_XRAY" type="Spot" colorR="0.705882" colorG="0.740392" colorB="0.8" decayRadius="6.0" decayPower="0.0" decayType="0" transform="-0.272639 -0.253216 -0.928197 0.0 -0.435113 0.8929 -0.115781 0.0 0.858104 0.372305 -0.353618 0.0 -364.068 1045.88 12.1754 1.0" fovInner="0.174533" fovOuter="0.698132" shadowNear="0.1" shadowFlags="1" specular="true" texture="" onTime="0.0" offTime="24.0" isDynamic="false" isHarmonic="false" LightShaftOn="false" isBaked="false"  />
	<Light name="NIS_DOORWAY" type="Spot" colorR="0.690196" colorG="0.8" colorB="0.8" decayRadius="8.0" decayPower="0.0" decayType="0" transform="0.573576 0.819152 0.0 0.0 1.33457e-007 0.0 -1.0 0.0 -0.819152 0.573576 -1.62921e-007 0.0 -373.205 1047.1 11.9523 1.0" fovInner="0.375246" fovOuter="0.785398" shadowNear="0.1" shadowFlags="0" specular="false" texture="" onTime="0.0" offTime="24.0" isDynamic="false" isHarmonic="false" LightShaftOn="false" isBaked="false"  />
	<Light name="NIS_BED_HEADLIGHT" type="Spot" colorR="1.3" colorG="1.3" colorB="1.16745" decayRadius="8.0" decayPower="2.0" decayType="0" transform="0.98915 -0.0236173 -0.145006 0.0 0.079477 0.916125 0.392937 0.0 0.123563 -0.400198 0.908061 0.0 -367.591 1041.63 14.0195 1.0" fovInner="0.0" fovOuter="0.610865" shadowNear="0.1" shadowFlags="1" specular="true" texture="" onTime="0.0" offTime="24.0" isDynamic="false" isHarmonic="false" LightShaftOn="false" isBaked="false"  />
	<Light name="NIS_DOORWAY_Env" type="Omni" colorR="0.8" colorG="0.8" colorB="0.8" decayRadius="8.0" decayPower="0.0" decayType="0" transform="0.573576 0.819152 0.0 0.0 1.33457e-007 0.0 -1.0 0.0 -0.819152 0.573576 -1.62921e-007 0.0 -380.906 1046.62 8.60221 1.0" shadowFlags="0" specular="false" texture="" onTime="0.0" offTime="24.0" isDynamic="false" isHarmonic="false" LightShaftOn="false" isBaked="false"  />
</LightGroup>
