<?xml version="1.0" encoding="utf-8"?>
<!-- Created by LightDumper -->

<LightGroup name="Hotswap">
	<Light name="Fspot002" type="Spot" colorR="0.646275" colorG="0.70902" colorB="0.8" decayRadius="10.0" decayPower="0.0" decayType="0" transform="0.541356 0.840794 0.0 0.0 -0.331126 0.213199 0.919185 0.0 0.772845 -0.497606 0.393825 0.0 -472.507 139.25 45.3558 1.0" fovInner="0.0" fovOuter="0.785398" shadowNear="0.1" shadowFlags="0" specular="true" texture="" onTime="0.0" offTime="24.0" isDynamic="false" isHarmonic="false" LightShaftOn="false" isBaked="false"  />
	<Light name="Fspot003" type="Spot" colorR="1.01788" colorG="1.11671" colorB="1.26" decayRadius="7.0" decayPower="0.0" decayType="0" transform="0.992738 -0.120298 1.73226e-007 0.0 0.0473765 0.390965 0.919185 0.0 -0.110576 -0.912509 0.393826 0.0 -492.01 130.286 41.6362 1.0" fovInner="0.0" fovOuter="0.785398" shadowNear="0.1" shadowFlags="0" specular="true" texture="" onTime="0.0" offTime="24.0" isDynamic="false" isHarmonic="false" LightShaftOn="false" isBaked="false"  />
	<Light name="Fspot004" type="Spot" colorR="1.32486" colorG="1.45349" colorB="1.64" decayRadius="10.0" decayPower="0.0" decayType="0" transform="0.97536 -0.220617 0.0 0.0 0.0868845 0.384121 0.919185 0.0 -0.202787 -0.896536 0.393826 0.0 -482.077 126.618 42.1207 1.0" fovInner="0.0" fovOuter="0.785398" shadowNear="0.1" shadowFlags="0" specular="true" texture="" onTime="0.0" offTime="24.0" isDynamic="false" isHarmonic="false" LightShaftOn="false" isBaked="false"  />
	<Light name="Fspot005" type="Spot" colorR="1.12667" colorG="1.22863" colorB="1.3" decayRadius="8.0" decayPower="0.0" decayType="0" transform="-0.49618 -0.86822 0.0 0.0 0.341927 -0.195408 0.919185 0.0 -0.798055 0.456081 0.393825 0.0 -497.872 138.405 41.6362 1.0" fovInner="0.0" fovOuter="0.785398" shadowNear="0.1" shadowFlags="0" specular="true" texture="" onTime="0.0" offTime="24.0" isDynamic="false" isHarmonic="false" LightShaftOn="false" isBaked="false"  />
	<Light name="Fspot006" type="Spot" colorR="1.01004" colorG="1.17122" colorB="1.37" decayRadius="4.0" decayPower="0.0" decayType="0" transform="-0.651288 -0.758831 0.0 0.0 0.298846 -0.256493 0.919186 0.0 -0.697506 0.598655 0.393825 0.0 -479.041 140.534 44.2345 1.0" fovInner="0.0" fovOuter="0.698132" shadowNear="0.1" shadowFlags="0" specular="true" texture="" onTime="0.0" offTime="24.0" isDynamic="false" isHarmonic="false" LightShaftOn="false" isBaked="false"  />
	<Light name="Fspot007" type="Spot" colorR="1.01004" colorG="1.17122" colorB="1.37" decayRadius="6.0" decayPower="0.0" decayType="0" transform="-0.669949 -0.742406 -5.21541e-007 0.0 0.292377 -0.263843 0.919186 0.0 -0.682409 0.615808 0.393825 0.0 -479.592 143.757 44.2345 1.0" fovInner="0.0" fovOuter="1.0472" shadowNear="0.1" shadowFlags="0" specular="true" texture="" onTime="0.0" offTime="24.0" isDynamic="false" isHarmonic="false" LightShaftOn="false" isBaked="false"  />
	<Light name="Fspot008" type="Spot" colorR="0.752" colorG="0.872" colorB="1.02" decayRadius="4.0" decayPower="0.0" decayType="0" transform="-0.990674 -0.136251 0.0 0.0 0.0536589 -0.390152 0.919186 0.0 -0.12524 0.910614 0.393825 0.0 -479.414 141.362 44.2345 1.0" fovInner="0.0" fovOuter="0.785398" shadowNear="0.1" shadowFlags="0" specular="true" texture="" onTime="0.0" offTime="24.0" isDynamic="false" isHarmonic="false" LightShaftOn="false" isBaked="false"  />
	<Light name="Fspot009" type="Spot" colorR="0.81098" colorG="0.940392" colorB="1.1" decayRadius="4.0" decayPower="0.0" decayType="0" transform="0.223169 0.974779 -4.06057e-007 0.0 -0.383892 0.0878899 0.919187 0.0 0.896004 -0.205134 0.393824 0.0 -476.994 138.731 44.2345 1.0" fovInner="0.0" fovOuter="0.872665" shadowNear="0.1" shadowFlags="0" specular="true" texture="" onTime="0.0" offTime="24.0" isDynamic="false" isHarmonic="false" LightShaftOn="false" isBaked="false"  />
	<Light name="Fspot010" type="Spot" colorR="1.01004" colorG="1.17122" colorB="1.37" decayRadius="4.0" decayPower="0.0" decayType="0" transform="0.715001 -0.699123 -1.19209e-007 0.0 0.275331 0.281584 0.919186 0.0 -0.642623 -0.65722 0.393824 0.0 -494.918 132.824 41.2165 1.0" fovInner="0.0" fovOuter="0.610865" shadowNear="0.1" shadowFlags="0" specular="true" texture="" onTime="0.0" offTime="24.0" isDynamic="false" isHarmonic="false" LightShaftOn="false" isBaked="false"  />
	<Light name="Fspot011" type="Spot" colorR="0.888628" colorG="0.974902" colorB="1.1" decayRadius="10.0" decayPower="0.0" decayType="0" transform="0.330172 -0.943921 0.0 0.0 0.371739 0.13003 0.919185 0.0 -0.867638 -0.303489 0.393826 0.0 -485.386 128.953 42.1207 1.0" fovInner="0.0" fovOuter="0.785398" shadowNear="0.1" shadowFlags="0" specular="true" texture="" onTime="0.0" offTime="24.0" isDynamic="false" isHarmonic="false" LightShaftOn="false" isBaked="false"  />
	<Light name="Fspot012" type="Spot" colorR="1.23859" colorG="1.43624" colorB="1.68" decayRadius="9.0" decayPower="0.0" decayType="0" transform="0.969097 -0.24668 -1.76951e-007 0.0 0.0971487 0.381654 0.919186 0.0 -0.226744 -0.890779 0.393825 0.0 -493.51 124.738 38.2556 1.0" fovInner="0.0" fovOuter="1.0472" shadowNear="0.1" shadowFlags="0" specular="true" texture="" onTime="0.0" offTime="24.0" isDynamic="false" isHarmonic="false" LightShaftOn="false" isBaked="false"  />
	<Light name="Fspot013" type="Spot" colorR="1.63" colorG="1.63" colorB="1.63" decayRadius="4.0" decayPower="0.0" decayType="0" transform="-0.612964 -0.79011 -3.65078e-007 0.0 0.311165 -0.2414 0.919186 0.0 -0.726257 0.563428 0.393825 0.0 -481.994 141.95 44.2345 1.0" fovInner="0.0" fovOuter="0.785398" shadowNear="0.1" shadowFlags="1" specular="true" texture="" onTime="0.0" offTime="24.0" isDynamic="false" isHarmonic="false" LightShaftOn="false" isBaked="false"  />
	<Light name="Fspot014" type="Spot" colorR="1.60369" colorG="1.61" colorB="1.288" decayRadius="3.0" decayPower="0.0" decayType="0" transform="0.918586 -0.394059 0.0302717 0.0 0.363854 0.873105 0.324501 0.0 -0.154303 -0.287068 0.945401 0.0 -475.887 144.647 43.9961 1.0" fovInner="0.0" fovOuter="0.785398" shadowNear="0.1" shadowFlags="0" specular="true" texture="" onTime="0.0" offTime="24.0" isDynamic="false" isHarmonic="false" LightShaftOn="false" isBaked="false"  />
	<Light name="Fspot015" type="Spot" colorR="1.01004" colorG="1.17122" colorB="1.37" decayRadius="4.0" decayPower="0.0" decayType="0" transform="-0.979544 0.201225 -1.3411e-007 0.0 -0.0792472 -0.385767 0.919186 0.0 0.184963 0.900384 0.393824 0.0 -491.287 136.955 41.2165 1.0" fovInner="0.0" fovOuter="0.872665" shadowNear="0.1" shadowFlags="0" specular="true" texture="" onTime="0.0" offTime="24.0" isDynamic="false" isHarmonic="false" LightShaftOn="false" isBaked="false"  />
	<Light name="Fspot016" type="Spot" colorR="0.0" colorG="0.0" colorB="0.0" decayRadius="16.0" decayPower="0.0" decayType="0" transform="-0.190642 0.981659 -1.2666e-007 0.0 -0.3866 -0.075079 0.919186 0.0 0.902328 0.175236 0.393824 0.0 -483.923 137.757 41.2165 1.0" fovInner="0.0" fovOuter="1.13446" shadowNear="0.1" shadowFlags="0" specular="true" texture="" onTime="0.0" offTime="24.0" isDynamic="false" isHarmonic="false" LightShaftOn="false" isBaked="false"  />
</LightGroup>
