<?xml version="1.0" encoding="utf-8"?>
<!-- Created by LightDumper -->

<LightGroup name="Hotswap">
	<Light name="NIS_Spot001" type="Spot" colorR="0.597647" colorG="0.555294" colorB="0.491765" decayRadius="15.0" decayPower="0.0" decayType="1" transform="-0.972731 -0.231902 0.00404795 0.0 0.186534 -0.771826 0.607857 0.0 -0.137839 0.592036 0.794036 0.0 1398.42 -1010.76 3.55493 1.0" fovInner="0.698132" fovOuter="1.0472" shadowNear="0.1" shadowFlags="0" specular="true" texture="" onTime="0.0" offTime="24.0" isDynamic="false" isHarmonic="false" LightShaftOn="false" isBaked="false"  />
	<Light name="NIS_Spot002" type="Spot" colorR="0.324706" colorG="0.501176" colorB="0.6" decayRadius="10.0" decayPower="0.0" decayType="1" transform="0.956431 -0.291959 0.0 0.0 0.00659337 0.0215992 0.999744 0.0 -0.291885 -0.956187 0.0225832 0.0 1398.62 -1019.8 1.9234 1.0" fovInner="0.523599" fovOuter="0.541052" shadowNear="0.1" shadowFlags="0" specular="true" texture="" onTime="18.0" offTime="7.0" isDynamic="false" isHarmonic="false" LightShaftOn="false" isBaked="false"  />
	<Light name="NIS_Spot003" type="Spot" colorR="0.796863" colorG="0.740392" colorB="0.655686" decayRadius="4.5" decayPower="0.0" decayType="1" transform="-0.805164 0.593051 0.000819691 0.0 -0.591508 -0.803167 0.0709976 0.0 0.0427636 0.0566799 0.997475 0.0 1402.96 -1014.25 3.25009 1.0" fovInner="0.698132" fovOuter="0.785398" shadowNear="0.1" shadowFlags="0" specular="true" texture="" onTime="16.0" offTime="8.0" isDynamic="false" isHarmonic="false" LightShaftOn="false" isBaked="false"  />
	<Light name="NIS_Spot004" type="Spot" colorR="2.0" colorG="1.66275" colorB="1.41961" decayRadius="10.0" decayPower="0.0" decayType="1" transform="-0.86605 0.317554 -0.386155 0.0 -0.42631 -0.0655552 0.902198 0.0 0.261183 0.945971 0.192151 0.0 1392.62 -1007.51 4.21262 1.0" fovInner="0.523599" fovOuter="0.541052" shadowNear="0.1" shadowFlags="0" specular="true" texture="" onTime="18.0" offTime="7.0" isDynamic="false" isHarmonic="false" LightShaftOn="false" isBaked="false"  />
</LightGroup>
