<?xml version="1.0" encoding="utf-8"?>
<!-- Created by LightDumper -->

<LightGroup name="Hotswap">
	<Light name="spot_01" type="Spot" colorR="0.664314" colorG="0.686275" colorB="0.7" decayRadius="5.5" decayPower="0.0" decayType="0" transform="0.287965 0.00906947 -0.957598 0.0 -0.0314794 0.999505 0.0 0.0 0.957123 0.0301446 0.288108 0.0 907.805 -221.731 22.3054 1.0" fovInner="0.0" fovOuter="0.872665" shadowNear="0.1" shadowFlags="0" specular="true" texture="" onTime="0.0" offTime="24.0" isDynamic="false" isHarmonic="false" LightShaftOn="false" isBaked="false"  />
	<Light name="spot_002" type="Spot" colorR="0.256" colorG="0.296" colorB="0.250667" decayRadius="6.0" decayPower="0.0" decayType="0" transform="-0.193841 -0.213147 -0.957598 0.0 0.739817 -0.672807 0.0 0.0 -0.644278 -0.708448 0.288108 0.0 900.553 -225.882 22.3054 1.0" fovInner="0.0" fovOuter="0.872665" shadowNear="0.1" shadowFlags="0" specular="true" texture="" onTime="0.0" offTime="24.0" isDynamic="false" isHarmonic="false" LightShaftOn="false" isBaked="false"  />
	<Light name="spot_003" type="Spot" colorR="0.664314" colorG="0.686275" colorB="0.7" decayRadius="4.0" decayPower="0.0" decayType="0" transform="0.0428234 -0.284907 -0.957598 0.0 0.988891 0.148636 1.48779e-007 0.0 0.142334 -0.946961 0.288108 0.0 905.04 -225.802 22.3054 1.0" fovInner="0.0" fovOuter="0.436332" shadowNear="0.1" shadowFlags="0" specular="true" texture="" onTime="0.0" offTime="24.0" isDynamic="false" isHarmonic="false" LightShaftOn="false" isBaked="false"  />
	<Light name="Omni003" type="Omni" colorR="0.6" colorG="0.6" colorB="0.6" decayRadius="4.0" decayPower="1.0" decayType="0" transform="1.0 0.0 0.0 0.0 0.0 1.0 0.0 0.0 0.0 0.0 1.0 0.0 910.257 -221.652 21.6194 1.0" shadowFlags="0" specular="true" texture="" onTime="0.0" offTime="24.0" isDynamic="false" isHarmonic="false" LightShaftOn="false" isBaked="false"  />
	<Light name="Omni004" type="Omni" colorR="0.4" colorG="0.4" colorB="0.4" decayRadius="4.0" decayPower="1.0" decayType="0" transform="1.0 0.0 0.0 0.0 0.0 1.0 0.0 0.0 0.0 0.0 1.0 0.0 910.257 -225.077 21.6194 1.0" shadowFlags="0" specular="true" texture="" onTime="0.0" offTime="24.0" isDynamic="false" isHarmonic="false" LightShaftOn="false" isBaked="false"  />
	<Light name="Omni005" type="Omni" colorR="0.4" colorG="0.4" colorB="0.4" decayRadius="4.0" decayPower="1.0" decayType="0" transform="1.0 0.0 0.0 0.0 0.0 1.0 0.0 0.0 0.0 0.0 1.0 0.0 913.53 -222.939 22.1541 1.0" shadowFlags="0" specular="true" texture="" onTime="0.0" offTime="24.0" isDynamic="false" isHarmonic="false" LightShaftOn="false" isBaked="false"  />
	<Light name="Omni006" type="Omni" colorR="0.6" colorG="0.6" colorB="0.6" decayRadius="2.3" decayPower="1.0" decayType="0" transform="1.0 0.0 0.0 0.0 0.0 1.0 0.0 0.0 0.0 0.0 1.0 0.0 904.758 -225.457 21.6194 1.0" shadowFlags="0" specular="true" texture="" onTime="0.0" offTime="24.0" isDynamic="false" isHarmonic="false" LightShaftOn="false" isBaked="false"  />
	<Light name="spot_004" type="Spot" colorR="0.664314" colorG="0.686275" colorB="0.7" decayRadius="4.0" decayPower="0.0" decayType="0" transform="0.224124 -0.181037 -0.957598 0.0 0.628366 0.777917 0.0 0.0 0.744932 -0.601722 0.288108 0.0 905.821 -225.635 22.3054 1.0" fovInner="0.0" fovOuter="0.436332" shadowNear="0.1" shadowFlags="0" specular="true" texture="" onTime="0.0" offTime="24.0" isDynamic="false" isHarmonic="false" LightShaftOn="false" isBaked="false"  />
	<Light name="spot_005" type="Spot" colorR="0.47" colorG="0.47" colorB="0.47" decayRadius="6.0" decayPower="0.0" decayType="0" transform="0.890083 0.00906959 -0.455707 0.0 -0.0218079 0.999504 -0.022702 0.0 0.455275 0.0301447 0.88984 0.0 905.075 -221.622 23.2596 1.0" fovInner="0.0" fovOuter="0.785398" shadowNear="0.1" shadowFlags="1" specular="false" texture="" onTime="0.0" offTime="24.0" isDynamic="false" isHarmonic="false" LightShaftOn="false" isBaked="false"  />
	<Light name="spot_006" type="Spot" colorR="0.664314" colorG="0.686275" colorB="0.7" decayRadius="3.0" decayPower="0.0" decayType="0" transform="0.286989 -0.0253653 -0.957597 0.0 0.0880412 0.996116 0.0 0.0 0.953879 -0.0843079 0.288108 0.0 905.567 -224.166 22.3054 1.0" fovInner="0.0" fovOuter="0.436332" shadowNear="0.1" shadowFlags="0" specular="true" texture="" onTime="0.0" offTime="24.0" isDynamic="false" isHarmonic="false" LightShaftOn="false" isBaked="false"  />
	<Light name="Omni007" type="Spot" colorR="0.25" colorG="0.25" colorB="0.25" decayRadius="7.0" decayPower="0.0" decayType="0" transform="0.334198 0.0 -0.942503 0.0 0.0 1.0 0.0 0.0 0.942503 0.0 0.334198 0.0 904.974 -226.649 22.7936 1.0" fovInner="0.00436332" fovOuter="0.436332" shadowNear="0.1" shadowFlags="0" specular="true" texture="" onTime="0.0" offTime="24.0" isDynamic="false" isHarmonic="false" LightShaftOn="false" isBaked="false"  />
	<Light name="Omni008" type="Spot" colorR="0.6" colorG="0.6" colorB="0.6" decayRadius="4.0" decayPower="0.0" decayType="0" transform="0.304489 -0.137749 -0.942503 0.0 0.412178 0.911103 0.0 0.0 0.858717 -0.388479 0.334198 0.0 897.155 -222.513 22.2425 1.0" fovInner="0.00436332" fovOuter="1.0472" shadowNear="0.1" shadowFlags="0" specular="true" texture="" onTime="0.0" offTime="24.0" isDynamic="false" isHarmonic="false" LightShaftOn="false" isBaked="false"  />
</LightGroup>
