<?xml version="1.0" encoding="utf-8"?>
<!-- Created by LightDumper -->

<LightGroup name="Hotswap">
	<Light name="Fspot010" type="Spot" colorR="0.21" colorG="0.21" colorB="0.209176" decayRadius="5.0" decayPower="0.0" decayType="0" transform="0.785875 -0.612515 -0.0850082 0.0 0.0976377 -0.0128387 0.995141 0.0 -0.610629 -0.790353 0.049715 0.0 -632.546 -198.827 1.69219 1.0" fovInner="0.00436332" fovOuter="0.610865" shadowNear="0.1" shadowFlags="0" specular="true" texture="" onTime="0.0" offTime="24.0" isDynamic="false" isHarmonic="false" LightShaftOn="false" isBaked="false"  />
	<Light name="Fspot011" type="Spot" colorR="0.7" colorG="0.7" colorB="0.697255" decayRadius="5.0" decayPower="0.0" decayType="0" transform="-0.984835 -0.173494 0.0 0.0 0.000311943 -0.00177083 0.999997 0.0 -0.173494 0.984834 0.00179812 0.0 -631.047 -193.168 1.88969 1.0" fovInner="0.00436332" fovOuter="0.610865" shadowNear="0.1" shadowFlags="0" specular="true" texture="" onTime="0.0" offTime="24.0" isDynamic="false" isHarmonic="false" LightShaftOn="false" isBaked="false"  />
	<Light name="Fspot012" type="Spot" colorR="0.697255" colorG="0.697255" colorB="0.7" decayRadius="5.0" decayPower="0.0" decayType="0" transform="0.171784 0.981461 -0.0850082 0.0 -0.0345099 0.0922332 0.995139 0.0 0.98453 -0.168015 0.0497145 0.0 -627.121 -197.151 1.69219 1.0" fovInner="0.00436332" fovOuter="0.610865" shadowNear="0.1" shadowFlags="0" specular="true" texture="" onTime="0.0" offTime="24.0" isDynamic="false" isHarmonic="false" LightShaftOn="false" isBaked="false"  />
	<Light name="Fspot013" type="Spot" colorR="0.697255" colorG="0.697255" colorB="0.7" decayRadius="2.5" decayPower="0.0" decayType="0" transform="-0.573467 0.814807 -0.0850082 0.0 -0.089668 0.0407132 0.995139 0.0 0.814307 0.578301 0.0497147 0.0 -630.028 -198.663 2.06014 1.0" fovInner="0.00436332" fovOuter="0.610865" shadowNear="0.1" shadowFlags="0" specular="true" texture="" onTime="0.0" offTime="24.0" isDynamic="false" isHarmonic="false" LightShaftOn="false" isBaked="false"  />
	<Light name="Fspot014" type="Spot" colorR="0.7" colorG="0.7" colorB="0.697255" decayRadius="2.5" decayPower="0.0" decayType="0" transform="-0.572761 -0.819723 0.0 0.0 0.00147392 -0.00102991 0.999997 0.0 -0.819722 0.57276 0.00179811 0.0 -632.862 -198.468 2.25763 1.0" fovInner="0.00436332" fovOuter="0.610865" shadowNear="0.1" shadowFlags="0" specular="true" texture="" onTime="0.0" offTime="24.0" isDynamic="false" isHarmonic="false" LightShaftOn="false" isBaked="false"  />
	<Light name="Fspot015" type="Spot" colorR="0.21" colorG="0.21" colorB="0.209176" decayRadius="2.5" decayPower="0.0" decayType="0" transform="0.890212 0.447545 -0.0850082 0.0 0.053444 0.0827147 0.995141 0.0 0.4524 -0.890427 0.0497151 0.0 -630.731 -200.831 2.06014 1.0" fovInner="0.00436332" fovOuter="0.610865" shadowNear="0.1" shadowFlags="0" specular="true" texture="" onTime="0.0" offTime="24.0" isDynamic="false" isHarmonic="false" LightShaftOn="false" isBaked="false"  />
</LightGroup>
