<?xml version="1.0" encoding="utf-8"?>
<!-- Created by LightDumper -->

<LightGroup name="Hotswap">
	<Light name="NL0" type="Spot" colorR="0.946275" colorG="1.48275" colorB="1.9" decayRadius="0.9" decayType="1" transform="-0.600795 -0.780594 0.172392 0.0 0.695019 -0.616601 -0.369799 0.0 0.39496 -0.102358 0.912979 0.0 -84.7229 1762.91 66.5621 1.0" fovInner="0.610865" fovOuter="0.785398" shadowNear="0.1" shadowFlags="0" specular="false" texture="" onTime="0.0" offTime="24.0" isDynamic="undefined" isHarmonic="undefined"  />
	<Light name="NL1" type="Spot" colorR="0.730588" colorG="0.310588" colorB="0.162353" decayRadius="1.0" decayType="1" transform="0.992353 0.0998637 -0.0725475 0.0 -0.0223063 -0.432979 -0.901128 0.0 -0.121401 0.895855 -0.427441 0.0 -87.2572 1764.99 63.6307 1.0" fovInner="0.436332" fovOuter="0.610865" shadowNear="0.1" shadowFlags="0" specular="false" texture="" onTime="0.0" offTime="24.0" isDynamic="undefined" isHarmonic="undefined"  />
	<Light name="NL2" type="Spot" colorR="0.892941" colorG="0.379608" colorB="0.198431" decayRadius="1.0" decayType="1" transform="-0.41414 0.907317 -0.0725475 0.0 0.417094 0.118328 -0.901128 0.0 -0.809025 -0.403452 -0.427441 0.0 -87.3299 1763.39 63.3849 1.0" fovInner="0.436332" fovOuter="0.610865" shadowNear="0.1" shadowFlags="0" specular="false" texture="" onTime="0.0" offTime="24.0" isDynamic="undefined" isHarmonic="undefined"  />
	<Light name="NL3" type="Spot" colorR="0.24902" colorG="0.390196" colorB="0.5" decayRadius="0.2" decayType="1" transform="0.628203 -0.773459 0.084395 0.0 -0.239466 -0.29541 -0.924873 0.0 0.740282 0.560798 -0.370794 0.0 -83.5911 1760.04 64.3337 1.0" fovInner="0.0" fovOuter="0.785398" shadowNear="0.1" shadowFlags="0" specular="false" texture="" onTime="0.0" offTime="24.0" isDynamic="undefined" isHarmonic="undefined"  />
	<Light name="NL4" type="Spot" colorR="1.17255" colorG="1.24392" colorB="1.3" decayRadius="1.4" decayType="1" transform="0.861902 0.505666 -0.0377717 0.0 -0.213069 0.293564 -0.931891 0.0 -0.460137 0.811247 0.360765 0.0 -86.5039 1761.4 65.7192 1.0" fovInner="0.436332" fovOuter="0.610865" shadowNear="0.1" shadowFlags="0" specular="false" texture="" onTime="0.0" offTime="24.0" isDynamic="undefined" isHarmonic="undefined"  />
</LightGroup>
