<?xml version="1.0" encoding="utf-8"?>
<!-- Created by LightDumper -->

<LightGroup name="Hotswap">
	<Light name="Fspot007" type="Spot" colorR="1.27639" colorG="1.41271" colorB="1.58" decayRadius="2.0" decayPower="0.0" decayType="0" transform="0.375126 0.255798 0.890982 0.0 -0.563384 0.826196 1.78814e-007 0.0 -0.736126 -0.501965 0.454039 0.0 -609.699 -387.359 4.29706 1.0" fovInner="0.00872665" fovOuter="0.698132" shadowNear="0.1" shadowFlags="0" specular="true" texture="" onTime="0.0" offTime="24.0" isDynamic="false" isHarmonic="false" LightShaftOn="false" isBaked="false"  />
	<Light name="Fspot006" type="Spot" colorR="0.598431" colorG="0.645098" colorB="0.7" decayRadius="5.0" decayPower="0.0" decayType="0" transform="-0.197262 0.408949 0.890982 0.0 -0.90069 -0.434461 0.0 0.0 0.387097 -0.802499 0.454039 0.0 -605.822 -389.81 5.24234 1.0" fovInner="0.00872665" fovOuter="0.698132" shadowNear="0.1" shadowFlags="0" specular="true" texture="" onTime="0.0" offTime="24.0" isDynamic="false" isHarmonic="false" LightShaftOn="false" isBaked="false"  />
	<Light name="Fspot005" type="Spot" colorR="0.7" colorG="0.661569" colorB="0.598431" decayRadius="14.0" decayPower="0.0" decayType="0" transform="0.245376 -0.73777 0.628877 0.0 0.928371 0.36562 0.0666955 0.0 -0.279136 0.567465 0.774639 0.0 -602.666 -380.792 7.12253 1.0" fovInner="0.00872665" fovOuter="0.872665" shadowNear="0.1" shadowFlags="1" specular="true" texture="" onTime="0.0" offTime="24.0" isDynamic="false" isHarmonic="false" LightShaftOn="false" isBaked="false"  />
	<Light name="Fspot004" type="Omni" colorR="0.47" colorG="0.444196" colorB="0.401804" decayRadius="7.0" decayPower="1.0" decayType="0" transform="1.0 1.20839e-007 0.0 0.0 -1.19442e-007 1.0 0.0 0.0 0.0 0.0 1.0 0.0 -615.413 -384.765 4.90518 1.0" shadowFlags="0" specular="false" texture="" onTime="0.0" offTime="24.0" isDynamic="false" isHarmonic="false" LightShaftOn="false" isBaked="false"  />
	<Light name="Fspot003" type="Spot" colorR="0.7" colorG="0.653333" colorB="0.551765" decayRadius="100.0" decayPower="0.0" decayType="0" transform="-0.231593 -0.380099 0.895483 0.0 0.972264 -0.12134 0.199946 0.0 0.0326589 0.916952 0.397658 0.0 -677.215 -404.832 -272.433 1.0" fovInner="0.0872665" fovOuter="0.436332" shadowNear="0.1" shadowFlags="0" specular="false" texture="" onTime="0.0" offTime="24.0" isDynamic="false" isHarmonic="false" LightShaftOn="false" isBaked="false"  />
	<Light name="Fspot001" type="Spot" colorR="0.7" colorG="0.661569" colorB="0.598431" decayRadius="12.0" decayPower="0.0" decayType="0" transform="0.194284 -0.410372 0.890982 0.0 0.903825 0.427901 0.0 0.0 -0.381252 0.805292 0.454039 0.0 -610.649 -381.301 7.12253 1.0" fovInner="0.00872665" fovOuter="0.872665" shadowNear="0.1" shadowFlags="1" specular="true" texture="" onTime="0.0" offTime="24.0" isDynamic="false" isHarmonic="false" LightShaftOn="false" isBaked="false"  />
</LightGroup>
