<?xml version="1.0" encoding="utf-8"?>
<!-- Created by LightDumper -->

<LightGroup name="Hotswap">
	<Light name="NIS_RIM" type="Spot" colorR="0.76" colorG="0.703373" colorB="0.634824" decayRadius="8.0" decayPower="0.0" decayType="0" transform="0.373932 0.927039 -0.0278266 0.0 -0.374858 0.123624 -0.918802 0.0 -0.848325 0.354 0.393735 0.0 -483.407 399.96 35.0224 1.0" fovInner="0.375246" fovOuter="0.785398" shadowNear="0.1" shadowFlags="0" specular="true" texture="" onTime="18.0" offTime="6.0" isDynamic="false" isHarmonic="false" LightShaftOn="false" isBaked="false"  />
	<Light name="NIS_KEY" type="Spot" colorR="1.2" colorG="1.2" colorB="1.07765" decayRadius="8.0" decayPower="1.0" decayType="0" transform="-0.651712 -0.758451 0.00478931 0.0 0.21115 -0.187492 -0.959304 0.0 0.728482 -0.624178 0.282338 0.0 -471.567 397.111 33.0787 1.0" fovInner="0.610865" fovOuter="0.785398" shadowNear="0.1" shadowFlags="1" specular="true" texture="" onTime="18.0" offTime="6.0" isDynamic="false" isHarmonic="false" LightShaftOn="false" isBaked="false"  />
	<Light name="NIS_ENV00" type="Omni" colorR="0.486275" colorG="0.452941" colorB="0.427451" decayRadius="7.0" decayPower="0.0" decayType="2" transform="0.790891 0.608762 -0.0624517 0.0 -0.606873 0.793353 0.0479209 0.0 0.0787187 0.0 0.996898 0.0 -475.133 393.679 35.5932 1.0" shadowFlags="0" specular="false" texture="" onTime="18.0" offTime="6.0" isDynamic="true" isHarmonic="false" LightShaftOn="false" isBaked="false"  />
	<Light name="NIS_ENV01" type="Omni" colorR="0.486275" colorG="0.452941" colorB="0.427451" decayRadius="7.0" decayPower="0.0" decayType="2" transform="0.790891 0.608762 -0.0624517 0.0 -0.606873 0.793353 0.0479209 0.0 0.0787187 0.0 0.996898 0.0 -481.268 406.133 35.8597 1.0" shadowFlags="0" specular="false" texture="" onTime="18.0" offTime="6.0" isDynamic="true" isHarmonic="false" LightShaftOn="false" isBaked="false"  />
	<Light name="NIS_ENV02_Gate_SPT" type="Spot" colorR="0.45098" colorG="0.413726" colorB="0.333333" decayRadius="5.0" decayPower="0.0" decayType="1" transform="-0.465712 0.884937 0.0 0.0 -0.884937 -0.465712 0.0 0.0 0.0 0.0 1.0 0.0 -469.819 397.002 34.7642 1.0" fovInner="0.349066" fovOuter="0.916298" shadowNear="0.1" shadowFlags="0" specular="false" texture="Gob_AB_ParkLight2" onTime="18.0" offTime="6.0" isDynamic="false" isHarmonic="false" LightShaftOn="false" isBaked="false"  />
	<Light name="NIS_ENV03_Gate_SPT" type="Spot" colorR="0.45098" colorG="0.413726" colorB="0.333333" decayRadius="5.0" decayPower="0.0" decayType="1" transform="-0.465712 0.884937 0.0 0.0 -0.884937 -0.465712 0.0 0.0 0.0 0.0 1.0 0.0 -476.3 409.321 34.7642 1.0" fovInner="0.349066" fovOuter="0.916298" shadowNear="0.1" shadowFlags="0" specular="false" texture="Gob_AB_ParkLight2" onTime="18.0" offTime="6.0" isDynamic="false" isHarmonic="false" LightShaftOn="false" isBaked="false"  />
	<Light name="NIS_St_LIGHT" type="Spot" colorR="0.76" colorG="0.703373" colorB="0.634824" decayRadius="8.0" decayPower="0.0" decayType="0" transform="0.874242 0.437376 -0.210721 0.0 -0.334236 0.227423 -0.914639 0.0 -0.352118 0.870046 0.34501 0.0 -480.038 406.021 34.8972 1.0" fovInner="0.375246" fovOuter="0.785398" shadowNear="0.1" shadowFlags="0" specular="true" texture="" onTime="18.0" offTime="6.0" isDynamic="false" isHarmonic="false" LightShaftOn="false" isBaked="false"  />
	<Light name="NIS_FILL" type="Spot" colorR="0.495686" colorG="0.467451" colorB="0.614902" decayRadius="8.0" decayPower="1.0" decayType="0" transform="-0.319824 0.277409 -0.905956 0.0 0.668163 -0.611901 -0.423244 0.0 -0.671767 -0.74069 0.0103464 0.0 -483.338 394.965 35.8596 1.0" fovInner="0.610865" fovOuter="0.785398" shadowNear="0.1" shadowFlags="0" specular="false" texture="" onTime="18.0" offTime="6.0" isDynamic="false" isHarmonic="false" LightShaftOn="false" isBaked="false"  />
</LightGroup>
