<?xml version="1.0" encoding="utf-8"?>
<!-- Created by LightDumper -->

<LightGroup name="Hotswap">
	<Light name="NIS_SPOT01" type="Spot" colorR="0.396078" colorG="0.396078" colorB="0.498039" decayRadius="12.0" decayPower="0.0" decayType="0" transform="0.441654 -0.897185 0.0 0.0 0.6573 0.323566 0.680633 0.0 -0.610654 -0.300604 0.732624 0.0 957.443 867.625 15.9763 1.0" fovInner="0.261799" fovOuter="0.349066" shadowNear="0.1" shadowFlags="1" specular="true" texture="" onTime="18.0" offTime="6.0" isDynamic="false" isHarmonic="false" LightShaftOn="false" isBaked="false"  />
	<Light name="NIS_SPOT002" type="Spot" colorR="0.398431" colorG="0.359216" colorB="0.316863" decayRadius="30.0" decayPower="0.0" decayType="0" transform="-0.609182 -0.79039 0.0646564 0.0 0.774704 -0.575696 0.261546 0.0 -0.169501 0.209419 0.963023 0.0 954.49 858.346 21.1885 1.0" fovInner="0.261799" fovOuter="0.698132" shadowNear="0.1" shadowFlags="1" specular="false" texture="" onTime="18.0" offTime="6.0" isDynamic="false" isHarmonic="false" LightShaftOn="false" isBaked="false"  />
	<Light name="Omni001" type="Omni" colorR="0.4" colorG="0.4" colorB="0.4" decayRadius="10.0" decayPower="0.0" decayType="0" transform="1.0 0.0 0.0 0.0 0.0 1.0 0.0 0.0 0.0 0.0 1.0 0.0 958.107 867.654 14.5515 1.0" shadowFlags="0" specular="false" texture="" onTime="18.0" offTime="6.0" isDynamic="false" isHarmonic="false" LightShaftOn="false" isBaked="false"  />
	<Light name="Omni002" type="Omni" colorR="0.3" colorG="0.3" colorB="0.3" decayRadius="10.0" decayPower="1.0" decayType="0" transform="1.0 0.0 0.0 0.0 0.0 1.0 0.0 0.0 0.0 0.0 1.0 0.0 959.365 861.603 12.0112 1.0" shadowFlags="0" specular="true" texture="" onTime="18.0" offTime="6.0" isDynamic="false" isHarmonic="false" LightShaftOn="false" isBaked="false"  />
	<Light name="NIS_SPOT003" type="Spot" colorR="0.327843" colorG="0.334118" colorB="0.398431" decayRadius="40.0" decayPower="0.0" decayType="0" transform="-0.41735 -0.90862 -0.0151238 0.0 0.561895 -0.2711 0.781524 0.0 -0.714208 0.317671 0.623692 0.0 944.583 843.552 30.0893 1.0" fovInner="0.261799" fovOuter="0.698132" shadowNear="0.1" shadowFlags="0" specular="false" texture="" onTime="18.0" offTime="6.0" isDynamic="false" isHarmonic="false" LightShaftOn="false" isBaked="false"  />
</LightGroup>
