<?xml version="1.0" encoding="utf-8"?>
<!-- Created by LightDumper -->

<LightGroup name="Hotswap">
	<Light name="Fspot001" type="Spot" colorR="0.75" colorG="0.523529" colorB="0.65" decayRadius="9.0" decayPower="0.0" decayType="0" transform="0.281927 0.957042 0.067731 0.0 -0.30284 0.155752 -0.940228 0.0 -0.910387 0.244564 0.333742 0.0 -668.907 -487.88 9.73641 1.0" fovInner="0.0" fovOuter="0.349066" shadowNear="0.1" shadowFlags="0" specular="true" texture="" onTime="0.0" offTime="24.0" isDynamic="false" isHarmonic="false" LightShaftOn="false" isBaked="false"  />
	<Light name="Fspot002" type="Spot" colorR="0.75" colorG="0.747059" colorB="0.75" decayRadius="6.0" decayPower="0.0" decayType="0" transform="-0.745029 -0.667032 0.0 0.0 0.358311 -0.400208 -0.843473 0.0 0.562624 -0.628412 0.537172 0.0 -659.679 -492.806 10.3439 1.0" fovInner="0.0" fovOuter="0.610865" shadowNear="0.1" shadowFlags="1" specular="true" texture="" onTime="0.0" offTime="24.0" isDynamic="false" isHarmonic="false" LightShaftOn="false" isBaked="false"  />
	<Light name="Fspot003" type="Spot" colorR="0.9" colorG="0.896471" colorB="0.9" decayRadius="6.0" decayPower="0.0" decayType="0" transform="-0.852298 -0.523056 0.0 0.0 0.206108 -0.335844 -0.919091 0.0 0.480736 -0.78334 0.394045 0.0 -656.336 -492.92 10.3439 1.0" fovInner="0.0" fovOuter="0.436332" shadowNear="0.1" shadowFlags="0" specular="true" texture="" onTime="0.0" offTime="24.0" isDynamic="false" isHarmonic="false" LightShaftOn="false" isBaked="false"  />
	<Light name="Fspot004" type="Spot" colorR="0.77" colorG="0.703569" colorB="0.739804" decayRadius="5.0" decayPower="0.0" decayType="0" transform="0.456991 -0.886888 0.0677309 0.0 0.326593 0.0964803 -0.940228 0.0 0.827343 0.451796 0.333742 0.0 -655.627 -488.058 9.40255 1.0" fovInner="0.0" fovOuter="0.610865" shadowNear="0.1" shadowFlags="0" specular="true" texture="" onTime="0.0" offTime="24.0" isDynamic="false" isHarmonic="false" LightShaftOn="false" isBaked="false"  />
	<Light name="Fspot005" type="Spot" colorR="0.75" colorG="0.747059" colorB="0.75" decayRadius="4.0" decayPower="0.0" decayType="0" transform="-0.929797 -0.368072 0.0 0.0 0.145037 -0.366382 -0.919091 0.0 0.338291 -0.854569 0.394045 0.0 -657.71 -493.379 10.3439 1.0" fovInner="0.0" fovOuter="0.610865" shadowNear="0.1" shadowFlags="0" specular="true" texture="" onTime="0.0" offTime="24.0" isDynamic="false" isHarmonic="false" LightShaftOn="false" isBaked="false"  />
	<Light name="Fspot006" type="Spot" colorR="0.7" colorG="0.639608" colorB="0.672549" decayRadius="5.0" decayPower="0.0" decayType="0" transform="0.806976 -0.586687 0.0677311 0.0 0.357339 0.393738 -0.846923 0.0 0.470211 0.70765 0.527384 0.0 -651.636 -491.221 10.3877 1.0" fovInner="0.0" fovOuter="1.0472" shadowNear="0.1" shadowFlags="1" specular="true" texture="" onTime="0.0" offTime="24.0" isDynamic="false" isHarmonic="false" LightShaftOn="false" isBaked="false"  />
	<Light name="Fspot007" type="Spot" colorR="0.7" colorG="0.639608" colorB="0.672549" decayRadius="2.5" decayPower="0.0" decayType="0" transform="0.806976 -0.586687 0.0677308 0.0 0.225725 0.200419 -0.953352 0.0 0.545744 0.784621 0.294164 0.0 -653.941 -491.621 8.57682 1.0" fovInner="0.0" fovOuter="1.0472" shadowNear="0.1" shadowFlags="1" specular="true" texture="" onTime="0.0" offTime="24.0" isDynamic="false" isHarmonic="false" LightShaftOn="false" isBaked="false"  />
	<Light name="Fspot008" type="Spot" colorR="0.75" colorG="0.523529" colorB="0.65" decayRadius="5.0" decayPower="0.0" decayType="0" transform="-0.949519 -0.306312 0.0677311 0.0 0.0419537 -0.337951 -0.940228 0.0 0.310893 -0.889922 0.333742 0.0 -648.826 -496.641 9.73641 1.0" fovInner="0.0" fovOuter="0.872665" shadowNear="0.1" shadowFlags="0" specular="true" texture="" onTime="0.0" offTime="24.0" isDynamic="false" isHarmonic="false" LightShaftOn="false" isBaked="false"  />
	<Light name="Fspot009" type="Spot" colorR="0.86" colorG="0.856628" colorB="0.86" decayRadius="6.0" decayPower="0.0" decayType="0" transform="-0.821019 0.566868 0.067731 0.0 -0.242585 -0.239005 -0.940228 0.0 -0.516797 -0.788376 0.333742 0.0 -648.823 -498.017 9.73641 1.0" fovInner="0.0" fovOuter="0.872665" shadowNear="0.1" shadowFlags="0" specular="true" texture="" onTime="0.0" offTime="24.0" isDynamic="false" isHarmonic="false" LightShaftOn="false" isBaked="false"  />
</LightGroup>
