<?xml version="1.0" encoding="utf-8"?>
<!-- Created by LightDumper -->

<LightGroup name="Hotswap">
	<Light name="Fspot001" type="Spot" colorR="0.6" colorG="0.54353" colorB="0.447059" decayRadius="13.0" decayPower="0.0" decayType="0" transform="0.7595 0.0 -0.650506 0.0 0.305541 0.882828 0.356735 0.0 0.574285 -0.469697 0.670508 0.0 930.75 836.573 16.199 1.0" fovInner="0.0" fovOuter="0.785398" shadowNear="0.1" shadowFlags="0" specular="true" texture="" onTime="0.0" offTime="24.0" isDynamic="false" isHarmonic="false" LightShaftOn="false" isBaked="false"  />
	<Light name="Fspot002" type="Spot" colorR="0.8" colorG="0.724706" colorB="0.596078" decayRadius="4.3" decayPower="0.0" decayType="0" transform="-0.346142 0.293344 -0.891142 0.0 -0.937957 -0.0873876 0.33556 0.0 0.0205597 0.952005 0.305392 0.0 920.944 844.016 11.3305 1.0" fovInner="0.0" fovOuter="1.0472" shadowNear="0.1" shadowFlags="0" specular="true" texture="" onTime="0.0" offTime="24.0" isDynamic="false" isHarmonic="false" LightShaftOn="false" isBaked="false"  />
	<Light name="Fspot003" type="Spot" colorR="0.6" colorG="0.54353" colorB="0.447059" decayRadius="4.0" decayPower="0.0" decayType="0" transform="-0.306081 -0.334931 -0.891142 0.0 0.0522552 -0.940568 0.335559 0.0 -0.95057 0.0561418 0.305392 0.0 917.508 840.015 11.101 1.0" fovInner="0.0" fovOuter="0.436332" shadowNear="0.1" shadowFlags="0" specular="true" texture="" onTime="0.0" offTime="24.0" isDynamic="false" isHarmonic="false" LightShaftOn="false" isBaked="false"  />
	<Light name="Fspot004" type="Spot" colorR="0.6" colorG="0.54353" colorB="0.447059" decayRadius="4.0" decayPower="0.0" decayType="0" transform="-0.325217 0.316383 -0.891143 0.0 -0.941741 -0.0228814 0.335559 0.0 0.0857747 0.948355 0.305393 0.0 926.463 844.763 11.101 1.0" fovInner="0.0" fovOuter="0.436332" shadowNear="0.1" shadowFlags="0" specular="true" texture="" onTime="0.0" offTime="24.0" isDynamic="false" isHarmonic="false" LightShaftOn="false" isBaked="false"  />
	<Light name="Fspot005" type="Spot" colorR="0.62" colorG="0.561647" colorB="0.461961" decayRadius="4.0" decayPower="0.0" decayType="0" transform="0.452702 0.0304055 -0.891143 0.0 0.612475 0.715733 0.335559 0.0 0.648024 -0.697711 0.305392 0.0 925.719 839.188 11.0142 1.0" fovInner="0.0" fovOuter="0.436332" shadowNear="0.1" shadowFlags="0" specular="true" texture="" onTime="0.0" offTime="24.0" isDynamic="false" isHarmonic="false" LightShaftOn="false" isBaked="false"  />
	<Light name="Fspot006" type="Spot" colorR="0.6" colorG="0.54353" colorB="0.447059" decayRadius="2.0" decayPower="0.0" decayType="0" transform="-0.213692 0.400251 -0.891143 0.0 -0.904157 0.264385 0.335559 0.0 0.369913 0.87744 0.305393 0.0 920.038 842.573 10.6698 1.0" fovInner="0.0" fovOuter="0.698132" shadowNear="0.1" shadowFlags="0" specular="true" texture="" onTime="0.0" offTime="24.0" isDynamic="false" isHarmonic="false" LightShaftOn="false" isBaked="false"  />
	<Light name="Fspot007" type="Spot" colorR="0.87" colorG="0.788118" colorB="0.648235" decayRadius="2.0" decayPower="0.0" decayType="0" transform="-0.247829 -0.380059 -0.891143 0.0 0.203817 -0.919705 0.335559 0.0 -0.947121 -0.0984682 0.305392 0.0 917.256 840.922 10.6698 1.0" fovInner="0.0" fovOuter="0.698132" shadowNear="0.1" shadowFlags="0" specular="true" texture="" onTime="0.0" offTime="24.0" isDynamic="false" isHarmonic="false" LightShaftOn="false" isBaked="false"  />
	<Light name="Fspot008" type="Spot" colorR="0.75" colorG="0.679412" colorB="0.558824" decayRadius="2.0" decayPower="0.0" decayType="0" transform="-0.0440834 0.451576 -0.891142 0.0 -0.73393 0.590546 0.335559 0.0 0.677792 0.668829 0.305392 0.0 919.865 844.143 10.6698 1.0" fovInner="0.0" fovOuter="0.698132" shadowNear="0.1" shadowFlags="0" specular="true" texture="" onTime="0.0" offTime="24.0" isDynamic="false" isHarmonic="false" LightShaftOn="false" isBaked="false"  />
	<Light name="Fspot009" type="Spot" colorR="0.51" colorG="0.462" colorB="0.38" decayRadius="4.2" decayPower="0.0" decayType="0" transform="0.452702 0.0304055 -0.891143 0.0 0.612475 0.715733 0.335559 0.0 0.648024 -0.697711 0.305392 0.0 921.208 838.609 11.0142 1.0" fovInner="0.0" fovOuter="0.479966" shadowNear="0.1" shadowFlags="0" specular="true" texture="" onTime="0.0" offTime="24.0" isDynamic="false" isHarmonic="false" LightShaftOn="false" isBaked="false"  />
	<Light name="Fspot010" type="Spot" colorR="0.6" colorG="0.54353" colorB="0.447059" decayRadius="1.0" decayPower="0.0" decayType="0" transform="-0.441297 0.105459 -0.891143 0.0 -0.797455 -0.501463 0.335559 0.0 -0.411487 0.858728 0.305393 0.0 923.644 841.508 10.3997 1.0" fovInner="0.0" fovOuter="0.698132" shadowNear="0.1" shadowFlags="0" specular="true" texture="" onTime="0.0" offTime="24.0" isDynamic="false" isHarmonic="false" LightShaftOn="false" isBaked="false"  />
</LightGroup>
