<?xml version="1.0" encoding="utf-8"?>
<!-- Created by LightDumper -->

<LightGroup name="Hotswap">
	<Light name="Fspot002" type="Spot" colorR="0.75" colorG="0.705882" colorB="0.626471" decayRadius="8.0" decayPower="0.0" decayType="0" transform="-0.503339 -0.0133116 -0.863987 0.0 0.22657 -0.96693 -0.117097 0.0 -0.833856 -0.254693 0.48971 0.0 898.298 -251.632 29.051 1.0" fovInner="0.00436332" fovOuter="1.0472" shadowNear="0.1" shadowFlags="1" specular="true" texture="" onTime="0.0" offTime="24.0" isDynamic="false" isHarmonic="false" LightShaftOn="false" isBaked="false"  />
	<Light name="Fspot003" type="Spot" colorR="0.75" colorG="0.705882" colorB="0.626471" decayRadius="6.0" decayPower="0.0" decayType="0" transform="-0.327848 -0.0133115 -0.944637 0.0 0.244855 -0.966931 -0.0713544 0.0 -0.912448 -0.254693 0.320265 0.0 900.102 -254.727 28.0682 1.0" fovInner="0.00436332" fovOuter="0.610865" shadowNear="0.1" shadowFlags="0" specular="true" texture="" onTime="0.0" offTime="24.0" isDynamic="false" isHarmonic="false" LightShaftOn="false" isBaked="false"  />
	<Light name="Fspot004" type="Spot" colorR="0.75" colorG="0.705882" colorB="0.626471" decayRadius="6.0" decayPower="0.0" decayType="0" transform="-0.011048 0.370357 -0.928823 0.0 -0.977341 -0.200364 -0.0682677 0.0 -0.211386 0.907023 0.364179 0.0 903.372 -251.126 28.5143 1.0" fovInner="0.00436332" fovOuter="0.610865" shadowNear="0.1" shadowFlags="0" specular="true" texture="" onTime="0.0" offTime="24.0" isDynamic="false" isHarmonic="false" LightShaftOn="false" isBaked="false"  />
	<Light name="Fspot005" type="Spot" colorR="0.882941" colorG="0.793529" colorB="0.793529" decayRadius="4.0" decayPower="0.0" decayType="0" transform="0.334546 0.159266 -0.928823 0.0 -0.577001 0.813886 -0.0682677 0.0 0.745083 0.558771 0.364179 0.0 906.956 -251.982 27.9824 1.0" fovInner="0.00436332" fovOuter="0.479966" shadowNear="0.1" shadowFlags="0" specular="true" texture="" onTime="0.0" offTime="24.0" isDynamic="false" isHarmonic="false" LightShaftOn="false" isBaked="false"  />
</LightGroup>
