<?xml version="1.0" encoding="utf-8"?>
<!-- Created by LightDumper -->

<LightGroup name="Hotswap">
	<Light name="NL0" type="Omni" colorR="0.0858824" colorG="0.125294" colorB="0.15" decayRadius="0.7" decayPower="0.0" decayType="0" transform="1.0 0.0 0.0 0.0 0.0 1.0 0.0 0.0 0.0 0.0 1.0 0.0 914.757 -222.124 21.3433 1.0" shadowFlags="0" specular="false" texture="" onTime="0.0" offTime="24.0" isDynamic="false" isHarmonic="false" LightShaftOn="false" isBaked="false"  />
	<Light name="NL1" type="Omni" colorR="0.176471" colorG="0.0596078" colorB="0.0368627" decayRadius="6.0" decayPower="1.0" decayType="0" transform="1.0 0.0 0.0 0.0 0.0 1.0 0.0 0.0 0.0 0.0 1.0 0.0 903.083 -219.713 21.4523 1.0" shadowFlags="0" specular="true" texture="" onTime="0.0" offTime="24.0" isDynamic="false" isHarmonic="false" LightShaftOn="false" isBaked="false"  />
	<Light name="NL2" type="Omni" colorR="0.176471" colorG="0.0596078" colorB="0.0368627" decayRadius="5.0" decayPower="2.0" decayType="0" transform="1.0 0.0 0.0 0.0 0.0 1.0 0.0 0.0 0.0 0.0 1.0 0.0 914.423 -218.117 21.4523 1.0" shadowFlags="0" specular="true" texture="" onTime="0.0" offTime="24.0" isDynamic="false" isHarmonic="false" LightShaftOn="false" isBaked="false"  />
	<Light name="NL3" type="Spot" colorR="0.31834" colorG="0.620764" colorB="0.811768" decayRadius="0.775" decayPower="0.0" decayType="0" transform="-0.99561 0.0 -0.0936012 0.0 0.0 1.0 0.0 0.0 0.0936012 0.0 -0.99561 0.0 915.024 -221.695 20.6827 1.0" fovInner="0.375246" fovOuter="0.479966" shadowNear="0.1" shadowFlags="0" specular="true" texture="" onTime="0.0" offTime="24.0" isDynamic="false" isHarmonic="false" LightShaftOn="false" isBaked="false"  />
	<Light name="NL4" type="Spot" colorR="0.4" colorG="0.4" colorB="0.4" decayRadius="3.0" decayPower="2.0" decayType="0" transform="-0.966687 -0.25596 -3.01992e-007 0.0 2.5023e-007 2.34791e-007 -1.0 0.0 0.25596 -0.966687 -1.62921e-007 0.0 911.901 -223.809 21.4139 1.0" fovInner="0.349066" fovOuter="0.436332" shadowNear="0.1" shadowFlags="0" specular="true" texture="" onTime="0.0" offTime="24.0" isDynamic="false" isHarmonic="false" LightShaftOn="false" isBaked="false"  />
	<Light name="NL5" type="Omni" colorR="0.3" colorG="0.3" colorB="0.3" decayRadius="1.8" decayPower="0.0" decayType="0" transform="1.0 0.0 0.0 0.0 0.0 1.0 0.0 0.0 0.0 0.0 1.0 0.0 912.645 -223.401 21.9352 1.0" shadowFlags="0" specular="true" texture="" onTime="0.0" offTime="24.0" isDynamic="false" isHarmonic="false" LightShaftOn="false" isBaked="false"  />
	<Light name="NL6" type="Spot" colorR="0.441177" colorG="0.14902" colorB="0.0921569" decayRadius="3.0" decayPower="2.0" decayType="0" transform="0.684026 0.729458 -3.01992e-007 0.0 0.0 -3.31732e-007 -1.0 0.0 -0.729458 0.684026 -1.62921e-007 0.0 910.225 -220.996 21.4139 1.0" fovInner="0.305433" fovOuter="0.479966" shadowNear="0.1" shadowFlags="0" specular="false" texture="" onTime="0.0" offTime="24.0" isDynamic="false" isHarmonic="false" LightShaftOn="false" isBaked="false"  />
	<Light name="NL7" type="Spot" colorR="0.441177" colorG="0.14902" colorB="0.0921569" decayRadius="3.0" decayPower="2.0" decayType="0" transform="0.993678 -0.112269 -3.01992e-007 0.0 -3.18373e-007 -1.27986e-007 -1.0 0.0 0.112269 0.993678 -1.62921e-007 0.0 914.992 -219.679 21.4139 1.0" fovInner="0.174533" fovOuter="0.349066" shadowNear="0.1" shadowFlags="0" specular="true" texture="" onTime="0.0" offTime="24.0" isDynamic="false" isHarmonic="false" LightShaftOn="false" isBaked="false"  />
	<Light name="NL8" type="Omni" colorR="0.25" colorG="0.25" colorB="0.25" decayRadius="5.0" decayPower="0.0" decayType="0" transform="1.0 0.0 0.0 0.0 0.0 1.0 0.0 0.0 0.0 0.0 1.0 0.0 908.837 -226.266 21.8723 1.0" shadowFlags="0" specular="true" texture="" onTime="0.0" offTime="24.0" isDynamic="false" isHarmonic="false" LightShaftOn="false" isBaked="false"  />
</LightGroup>
