<?xml version="1.0" encoding="utf-8"?>
<!-- Created by LightDumper -->

<LightGroup name="Hotswap">
	<Light name="NIS_KEY" type="Spot" colorR="0.95" colorG="0.95" colorB="0.696667" decayRadius="7.0" decayPower="0.0" decayType="0" transform="-0.535138 -0.795589 0.284015 0.0 0.829758 -0.558123 2.5332e-007 0.0 0.158515 0.235664 0.95882 0.0 1228.37 -471.531 11.0268 1.0" fovInner="0.698132" fovOuter="0.959931" shadowNear="0.1" shadowFlags="0" specular="true" texture="" onTime="18.0" offTime="6.0" isDynamic="false" isHarmonic="false" LightShaftOn="false" isBaked="false"  />
	<Light name="NIS_RIM" type="Spot" colorR="0.741177" colorG="0.9" colorB="0.847059" decayRadius="8.0" decayPower="0.0" decayType="0" transform="0.00872596 0.0 -0.999962 0.0 0.520455 0.853877 0.00454162 0.0 0.853844 -0.520476 0.00745091 0.0 1228.07 -479.253 8.11544 1.0" fovInner="0.375246" fovOuter="0.523599" shadowNear="0.1" shadowFlags="1" specular="true" texture="" onTime="18.0" offTime="6.0" isDynamic="false" isHarmonic="false" LightShaftOn="false" isBaked="false"  />
	<Light name="NIS_ALLEY_OMN" type="Omni" colorR="0.494118" colorG="0.686275" colorB="0.535294" decayRadius="3.0" decayPower="0.0" decayType="1" transform="0.000525788 1.0 0.0 0.0 -1.0 0.000525788 0.0 0.0 0.0 0.0 1.0 0.0 1220.23 -477.083 8.28743 1.0" shadowFlags="0" specular="true" texture="" onTime="18.0" offTime="6.0" isDynamic="true" isHarmonic="false" LightShaftOn="false" isBaked="false"  />
	<Light name="NIS_ALLEY_SPT" type="Spot" colorR="0.423529" colorG="0.588235" colorB="0.458824" decayRadius="12.0" decayPower="0.0" decayType="1" transform="0.182397 0.981424 -0.0594791 0.0 -0.64316 0.0733371 -0.762212 0.0 -0.743691 0.177279 0.644589 0.0 1220.08 -477.083 8.99756 1.0" fovInner="0.392699" fovOuter="0.567232" shadowNear="0.1" shadowFlags="1" specular="true" texture="gob_strip" onTime="18.0" offTime="6.0" isDynamic="true" isHarmonic="false" LightShaftOn="false" isBaked="false"  />
</LightGroup>
