<?xml version="1.0" encoding="utf-8"?>
<!-- Created by LightDumper -->

<LightGroup name="Hotswap">
	<Light name="LC_SpotSingle" type="Card" colorR="1.3" colorG="1.19294" colorB="1.07569" decayRadius="1.27023" transform="0.0 0.955211 0.0 0.0 0.0 0.0 1.58526 0.0 1.0 0.0 0.0 0.0 1052.71 -67.5563 21.0596 1.0" shadowFlags="0" texture="fade_lin_soft" onTime="0.0" offTime="24.0" isDynamic="true" />
	<Light name="Spec_Fill" type="Omni" colorR="0.295" colorG="0.295" colorB="0.295" decayRadius="3.0" decayPower="0.0" decayType="0" transform="1.0 0.0 0.0 0.0 0.0 1.0 0.0 0.0 0.0 0.0 1.0 0.0 1050.78 -64.4788 19.706 1.0" shadowFlags="0" specular="true" texture="" onTime="0.0" offTime="24.0" isDynamic="false" isHarmonic="false" LightShaftOn="false" isBaked="false"  />
	<Light name="VidCamFill" type="Omni" colorR="0.3" colorG="0.270588" colorB="0.255294" decayRadius="3.0" decayPower="1.0" decayType="0" transform="1.0 0.0 0.0 0.0 0.0 1.0 0.0 0.0 0.0 0.0 1.0 0.0 1050.22 -70.2302 20.3474 1.0" shadowFlags="0" specular="true" texture="" onTime="0.0" offTime="24.0" isDynamic="false" isHarmonic="false" LightShaftOn="false" isBaked="false"  />
	<Light name="window_A" type="Spot" colorR="0.4" colorG="0.360784" colorB="0.340392" decayRadius="15.0" decayPower="0.0" decayType="0" transform="-0.00551845 0.999985 0.0 0.0 -0.0843195 -0.000465231 0.996439 0.0 0.996424 0.00549881 0.0843209 0.0 1052.74 -66.2175 20.3759 1.0" fovInner="0.523599" fovOuter="0.567232" shadowNear="0.1" shadowFlags="0" specular="true" texture="Gob_Uncle_po_window" onTime="0.0" offTime="24.0" isDynamic="false" isHarmonic="false" LightShaftOn="false" isBaked="false"  />
	<Light name="INT_Room_Fill_BLU" type="Omni" colorR="0.199216" colorG="0.241569" colorB="0.290196" decayRadius="5.0" decayPower="2.0" decayType="0" transform="1.0 0.0 0.0 0.0 0.0 1.0 0.0 0.0 0.0 0.0 1.0 0.0 1049.24 -66.966 20.4877 1.0" shadowFlags="0" specular="false" texture="" onTime="0.0" offTime="24.0" isDynamic="false" isHarmonic="false" LightShaftOn="false" isBaked="false"  />
	<Light name="window_A001" type="Spot" colorR="0.54" colorG="0.487059" colorB="0.459529" decayRadius="2.0" decayPower="0.0" decayType="0" transform="0.583926 0.811806 0.0 0.0 -0.0684519 0.0492372 0.996439 0.0 0.808915 -0.581847 0.0843207 0.0 1050.98 -66.3261 20.6512 1.0" fovInner="0.0" fovOuter="0.698132" shadowNear="0.1" shadowFlags="0" specular="true" texture="" onTime="0.0" offTime="24.0" isDynamic="false" isHarmonic="false" LightShaftOn="false" isBaked="false"  />
	<Light name="window_A002" type="Spot" colorR="0.778314" colorG="0.802745" colorB="0.830667" decayRadius="4.0" decayPower="0.0" decayType="0" transform="0.999999 -0.000826829 0.0 0.0 6.97497e-005 0.0843209 0.996439 0.0 -0.000823899 -0.996439 0.0843209 0.0 1050.6 -72.8174 20.7202 1.0" fovInner="0.0" fovOuter="0.698132" shadowNear="0.1" shadowFlags="0" specular="true" texture="" onTime="0.0" offTime="24.0" isDynamic="false" isHarmonic="false" LightShaftOn="false" isBaked="false"  />
	<Light name="window_A003" type="Spot" colorR="0.44" colorG="0.396863" colorB="0.374431" decayRadius="3.0" decayPower="0.0" decayType="0" transform="-0.572899 0.819626 0.0 0.0 -0.0691112 -0.0483071 0.996439 0.0 0.816707 0.570858 0.0843204 0.0 1053.25 -68.6707 21.0224 1.0" fovInner="0.0" fovOuter="0.698132" shadowNear="0.1" shadowFlags="0" specular="true" texture="" onTime="0.0" offTime="24.0" isDynamic="false" isHarmonic="false" LightShaftOn="false" isBaked="false"  />
	<Light name="window_A004" type="Spot" colorR="0.54" colorG="0.487059" colorB="0.459529" decayRadius="2.0" decayPower="0.0" decayType="0" transform="0.259617 0.965711 0.0 0.0 -0.0814295 0.0218912 0.996439 0.0 0.962272 -0.258693 0.0843208 0.0 1052.16 -68.2338 20.8171 1.0" fovInner="0.0" fovOuter="0.698132" shadowNear="0.1" shadowFlags="0" specular="true" texture="" onTime="0.0" offTime="24.0" isDynamic="false" isHarmonic="false" LightShaftOn="false" isBaked="false"  />
	<Light name="window_A005" type="Spot" colorR="0.76" colorG="0.68549" colorB="0.646745" decayRadius="2.0" decayPower="0.0" decayType="0" transform="0.259617 0.965711 0.0 0.0 -0.0814295 0.0218912 0.996439 0.0 0.962272 -0.258693 0.0843208 0.0 1052.24 -66.6796 20.7899 1.0" fovInner="0.0" fovOuter="0.698132" shadowNear="0.1" shadowFlags="0" specular="true" texture="" onTime="0.0" offTime="24.0" isDynamic="false" isHarmonic="false" LightShaftOn="false" isBaked="false"  />
	<Light name="VidCamFill001" type="Spot" colorR="0.43" colorG="0.387843" colorB="0.365922" decayRadius="1.0" decayPower="1.0" decayType="0" transform="0.5 -0.5 0.707106 0.0 0.707107 0.707107 0.0 0.0 -0.5 0.5 0.707107 0.0 1051.88 -70.4609 21.7267 1.0" fovInner="0.00436332" fovOuter="0.698132" shadowNear="0.1" shadowFlags="0" specular="true" texture="" onTime="0.0" offTime="24.0" isDynamic="false" isHarmonic="false" LightShaftOn="false" isBaked="false"  />
	<Light name="window_A006" type="Spot" colorR="0.365922" colorG="0.387843" colorB="0.43" decayRadius="1.5" decayPower="0.0" decayType="0" transform="-0.652458 -0.757825 0.0 0.0 0.0639002 -0.0550156 0.996439 0.0 -0.755126 0.650134 0.0843205 0.0 1049.29 -64.7276 20.6512 1.0" fovInner="0.0" fovOuter="1.0472" shadowNear="0.1" shadowFlags="0" specular="true" texture="" onTime="0.0" offTime="24.0" isDynamic="false" isHarmonic="false" LightShaftOn="false" isBaked="false"  />
	<Light name="window_A007" type="Spot" colorR="0.393529" colorG="0.405882" colorB="0.42" decayRadius="3.0" decayPower="0.0" decayType="0" transform="-0.976116 0.217247 0.0 0.0 -0.0183184 -0.0823069 0.996439 0.0 0.216473 0.97264 0.0843208 0.0 1048.53 -66.1598 21.1572 1.0" fovInner="0.0" fovOuter="0.523599" shadowNear="0.1" shadowFlags="0" specular="true" texture="" onTime="0.0" offTime="24.0" isDynamic="false" isHarmonic="false" LightShaftOn="false" isBaked="false"  />
	<Light name="window_A008" type="Spot" colorR="0.54" colorG="0.487059" colorB="0.459529" decayRadius="2.0" decayPower="0.0" decayType="0" transform="0.537997 0.842947 0.0 0.0 -0.0710779 0.0453643 0.996439 0.0 0.839945 -0.536081 0.0843208 0.0 1049.4 -68.8865 20.8171 1.0" fovInner="0.0" fovOuter="0.872665" shadowNear="0.1" shadowFlags="0" specular="true" texture="" onTime="0.0" offTime="24.0" isDynamic="false" isHarmonic="false" LightShaftOn="false" isBaked="false"  />
	<Light name="window_A009" type="Spot" colorR="0.55" colorG="0.496078" colorB="0.468039" decayRadius="2.0" decayPower="0.0" decayType="0" transform="0.0126917 0.99992 0.0 0.0 -0.420004 0.005331 0.907507 0.0 0.907434 -0.0115178 0.420038 0.0 1051.17 -65.7816 19.6953 1.0" fovInner="0.0" fovOuter="0.698132" shadowNear="0.1" shadowFlags="1" specular="false" texture="Gob_Square" onTime="0.0" offTime="24.0" isDynamic="false" isHarmonic="false" LightShaftOn="false" isBaked="false"  />
</LightGroup>
