<?xml version="1.0" encoding="utf-8"?>
<!-- Created by LightDumper -->

<LightGroup name="Hotswap">
	<Light name="NIS_FILL_DAY" type="Spot" colorR="0.63" colorG="0.63" colorB="0.538588" decayRadius="8.0" decayPower="0.5" decayType="0" transform="-0.0977208 -0.326507 0.940129 0.0 0.766779 0.577495 0.280266 0.0 -0.63443 0.748259 0.193925 0.0 -410.056 384.877 42.1239 1.0" fovInner="0.0" fovOuter="0.392699" shadowNear="0.1" shadowFlags="0" specular="false" texture="" onTime="6.0" offTime="18.0" isDynamic="false" isHarmonic="false" LightShaftOn="false" isBaked="true"  />
	<Light name="NIS_RIM_DAY" type="Spot" colorR="1.197" colorG="1.197" colorB="1.197" decayRadius="12.0" decayPower="0.0" decayType="0" transform="-0.265738 -0.0724614 -0.961318 0.0 -0.263074 0.964776 -1.94879e-007 0.0 0.927456 0.252898 -0.27544 0.0 -396.299 388.259 40.0962 1.0" fovInner="0.375246" fovOuter="0.872665" shadowNear="0.1" shadowFlags="0" specular="true" texture="" onTime="6.0" offTime="18.0" isDynamic="false" isHarmonic="false" LightShaftOn="false" isBaked="true"  />
	<Light name="NIS_KEY_DAY" type="Spot" colorR="1.8" colorG="1.8" colorB="1.60235" decayRadius="8.0" decayPower="1.0" decayType="0" transform="0.0513119 -0.0878805 0.994808 0.0 -0.976234 0.2056 0.0685165 0.0 -0.210555 -0.974682 -0.0752423 0.0 -407.454 374.676 39.7516 1.0" fovInner="0.261799" fovOuter="0.785398" shadowNear="0.1" shadowFlags="0" specular="true" texture="" onTime="6.0" offTime="18.0" isDynamic="false" isHarmonic="false" LightShaftOn="false" isBaked="true"  />
	<Light name="NIS_KEY_NIGHT" type="Spot" colorR="0.8" colorG="0.8" colorB="0.712157" decayRadius="8.0" decayPower="1.0" decayType="0" transform="0.0513119 -0.0878805 0.994808 0.0 -0.976234 0.2056 0.0685165 0.0 -0.210555 -0.974682 -0.0752423 0.0 -407.454 374.676 39.7516 1.0" fovInner="0.261799" fovOuter="0.785398" shadowNear="0.1" shadowFlags="0" specular="true" texture="" onTime="18.0" offTime="6.0" isDynamic="false" isHarmonic="false" LightShaftOn="false" isBaked="false"  />
	<Light name="NIS_FILL_NIGHT" type="Spot" colorR="0.28" colorG="0.28" colorB="0.239373" decayRadius="8.0" decayPower="0.5" decayType="0" transform="-0.0977208 -0.326507 0.940129 0.0 0.766779 0.577495 0.280266 0.0 -0.63443 0.748259 0.193925 0.0 -410.056 384.877 42.1239 1.0" fovInner="0.0" fovOuter="0.392699" shadowNear="0.1" shadowFlags="0" specular="false" texture="" onTime="18.0" offTime="6.0" isDynamic="false" isHarmonic="false" LightShaftOn="false" isBaked="false"  />
	<Light name="NIS_RIM_NIGHT" type="Spot" colorR="0.532" colorG="0.532" colorB="0.532" decayRadius="12.0" decayPower="0.0" decayType="0" transform="-0.265738 -0.0724614 -0.961318 0.0 -0.263074 0.964776 -1.94879e-007 0.0 0.927456 0.252898 -0.27544 0.0 -396.299 388.259 40.0962 1.0" fovInner="0.375246" fovOuter="0.872665" shadowNear="0.1" shadowFlags="0" specular="true" texture="" onTime="18.0" offTime="6.0" isDynamic="false" isHarmonic="false" LightShaftOn="false" isBaked="false"  />
</LightGroup>
