<?xml version="1.0" encoding="utf-8"?>
<!-- Created by LightDumper -->

<LightGroup name="Hotswap">
	<Light name="Fspot001" type="Spot" colorR="0.592941" colorG="0.8" colorB="0.70902" decayRadius="8.0" decayPower="0.0" decayType="0" transform="0.362851 0.35645 -0.860978 0.0 0.489483 0.713305 0.5016 0.0 0.792935 -0.60344 0.0843471 0.0 -267.689 679.722 125.116 1.0" fovInner="0.0" fovOuter="0.785398" shadowNear="0.1" shadowFlags="0" specular="true" texture="" onTime="0.0" offTime="24.0" isDynamic="false" isHarmonic="false" LightShaftOn="false" isBaked="false"  />
	<Light name="Fspot002" type="Spot" colorR="0.727843" colorG="0.680784" colorB="0.592941" decayRadius="8.0" decayPower="0.0" decayType="0" transform="-0.401103 0.312783 -0.860978 0.0 -0.77152 0.391349 0.5016 0.0 0.493835 0.865455 0.0843473 0.0 -268.27 685.526 125.116 1.0" fovInner="0.0" fovOuter="0.785398" shadowNear="0.1" shadowFlags="0" specular="true" texture="" onTime="0.0" offTime="24.0" isDynamic="false" isHarmonic="false" LightShaftOn="false" isBaked="false"  />
	<Light name="Fspot003" type="Spot" colorR="0.272941" colorG="0.255294" colorB="0.222353" decayRadius="8.0" decayPower="0.0" decayType="0" transform="-0.275385 -0.427645 -0.860978 0.0 -0.320267 -0.803633 0.5016 0.0 -0.906417 0.413876 0.0843474 0.0 -272.996 683.61 125.116 1.0" fovInner="0.0" fovOuter="0.785398" shadowNear="0.1" shadowFlags="0" specular="true" texture="" onTime="0.0" offTime="24.0" isDynamic="false" isHarmonic="false" LightShaftOn="false" isBaked="false"  />
</LightGroup>
