<?xml version="1.0" encoding="utf-8"?>
<!-- Created by LightDumper -->

<LightGroup name="Hotswap">
	<Light name="NL0" type="Spot" colorR="0.9" colorG="0.772941" colorB="0.575294" decayRadius="9.0" decayPower="0.0" decayType="1" transform="0.485806 -0.176319 0.856098 0.0 0.541553 0.829516 -0.136468 0.0 -0.686085 0.52992 0.49847 0.0 998.329 -298.485 18.3507 1.0" fovInner="0.0" fovOuter="0.698132" shadowNear="0.1" shadowFlags="1" specular="false" texture="" onTime="18.0" offTime="6.0" isDynamic="true" isHarmonic="false" LightShaftOn="false" isBaked="false"  />
	<Light name="NL1" type="Omni" colorR="0.4" colorG="0.367059" colorB="0.313726" decayRadius="5.0" decayPower="1.0" decayType="0" transform="-0.642075 -0.766642 0.0 0.0 0.356449 -0.298532 -0.885338 0.0 0.678737 -0.568453 0.464949 0.0 999.661 -304.046 17.5309 1.0" shadowFlags="0" specular="true" texture="" onTime="18.0" offTime="6.0" isDynamic="false" isHarmonic="false" LightShaftOn="false" isBaked="false"  />
	<Light name="NL2" type="Spot" colorR="1.0" colorG="0.917647" colorB="0.784314" decayRadius="10.0" decayPower="0.0" decayType="0" transform="-0.642075 -0.766642 0.0 0.0 0.356449 -0.298532 -0.885338 0.0 0.678737 -0.568453 0.464949 0.0 1002.42 -309.376 19.7467 1.0" fovInner="0.0" fovOuter="0.872665" shadowNear="0.1" shadowFlags="0" specular="false" texture="" onTime="18.0" offTime="6.0" isDynamic="false" isHarmonic="false" LightShaftOn="false" isBaked="false"  />
	<Light name="NL3" type="Spot" colorR="1.0" colorG="0.917647" colorB="0.784314" decayRadius="10.0" decayPower="0.0" decayType="0" transform="-0.985302 0.170826 -2.5332e-007 0.0 -0.079425 -0.458114 -0.885338 0.0 -0.151238 -0.872324 0.464949 0.0 989.474 -313.12 21.3589 1.0" fovInner="0.0" fovOuter="0.872665" shadowNear="0.1" shadowFlags="1" specular="false" texture="" onTime="18.0" offTime="6.0" isDynamic="false" isHarmonic="false" LightShaftOn="false" isBaked="false"  />
</LightGroup>
